id_evt,date_occur_evt,date_system_evt,type_evt,type_equipement,id_equipement,info_div
20170805000000,2017-08-05 00:00:00,2017-08-05 12:00:00,ev_C,C,5,
20170805000010,2017-08-05 00:00:10,2017-08-05 12:00:00,ev_C,C,4,
20170805000020,2017-08-05 00:00:20,2017-08-05 12:00:00,ev_K,K,4,
20170805000030,2017-08-05 00:00:30,2017-08-05 12:00:00,ev_C,C,17,
20170805000040,2017-08-05 00:00:40,2017-08-05 12:00:00,ev_C,C,6,
20170805000050,2017-08-05 00:00:50,2017-08-05 12:00:00,ev_K,K,4,
20170805000100,2017-08-05 00:01:00,2017-08-05 12:00:00,ev_C,C,12,
20170805000110,2017-08-05 00:01:10,2017-08-05 12:00:00,ev_C,C,20,
20170805000120,2017-08-05 00:01:20,2017-08-05 12:00:00,ev_C,C,1,
20170805000130,2017-08-05 00:01:30,2017-08-05 12:00:00,ev_K,K,5,
20170805000140,2017-08-05 00:01:40,2017-08-05 12:00:00,ev_C,C,14,
20170805000150,2017-08-05 00:01:50,2017-08-05 12:00:00,ev_C,C,9,
20170805000200,2017-08-05 00:02:00,2017-08-05 12:00:00,ev_C,C,18,
20170805000210,2017-08-05 00:02:10,2017-08-05 12:00:00,ev_C,C,5,
20170805000220,2017-08-05 00:02:20,2017-08-05 12:00:00,ev_C,C,12,
20170805000230,2017-08-05 00:02:30,2017-08-05 12:00:00,ev_K,K,5,
20170805000240,2017-08-05 00:02:40,2017-08-05 12:00:00,ev_C,C,15,
20170805000250,2017-08-05 00:02:50,2017-08-05 12:00:00,ev_C,C,7,
20170805000300,2017-08-05 00:03:00,2017-08-05 12:00:00,ev_K,K,1,
20170805000310,2017-08-05 00:03:10,2017-08-05 12:00:00,ev_C,C,12,
20170805000320,2017-08-05 00:03:20,2017-08-05 12:00:00,ev_C,C,9,
20170805000330,2017-08-05 00:03:30,2017-08-05 12:00:00,ev_K,K,1,
20170805000340,2017-08-05 00:03:40,2017-08-05 12:00:00,ev_C,C,14,
20170805000350,2017-08-05 00:03:50,2017-08-05 12:00:00,ev_C,C,18,
20170805000400,2017-08-05 00:04:00,2017-08-05 12:00:00,ev_K,K,2,
20170805000410,2017-08-05 00:04:10,2017-08-05 12:00:00,ev_K,K,5,
20170805000420,2017-08-05 00:04:20,2017-08-05 12:00:00,ev_C,C,10,
20170805000430,2017-08-05 00:04:30,2017-08-05 12:00:00,ev_C,C,17,
20170805000440,2017-08-05 00:04:40,2017-08-05 12:00:00,ev_K,K,3,
20170805000450,2017-08-05 00:04:50,2017-08-05 12:00:00,ev_K,K,1,
20170805000500,2017-08-05 00:05:00,2017-08-05 12:00:00,ev_C,C,2,
20170805000510,2017-08-05 00:05:10,2017-08-05 12:00:00,ev_C,C,16,
20170805000520,2017-08-05 00:05:20,2017-08-05 12:00:00,ev_C,C,15,
20170805000530,2017-08-05 00:05:30,2017-08-05 12:00:00,ev_C,C,16,
20170805000540,2017-08-05 00:05:40,2017-08-05 12:00:00,ev_C,C,14,
20170805000550,2017-08-05 00:05:50,2017-08-05 12:00:00,ev_C,C,6,
20170805000600,2017-08-05 00:06:00,2017-08-05 12:00:00,ev_C,C,3,
20170805000610,2017-08-05 00:06:10,2017-08-05 12:00:00,ev_C,C,16,
20170805000620,2017-08-05 00:06:20,2017-08-05 12:00:00,ev_C,C,18,
20170805000630,2017-08-05 00:06:30,2017-08-05 12:00:00,ev_C,C,9,
20170805000640,2017-08-05 00:06:40,2017-08-05 12:00:00,ev_N,K,4,
20170805000650,2017-08-05 00:06:50,2017-08-05 12:00:00,ev_C,C,14,
20170805000700,2017-08-05 00:07:00,2017-08-05 12:00:00,ev_N,K,3,
20170805000710,2017-08-05 00:07:10,2017-08-05 12:00:00,ev_C,C,8,
20170805000720,2017-08-05 00:07:20,2017-08-05 12:00:00,ev_C,C,15,
20170805000730,2017-08-05 00:07:30,2017-08-05 12:00:00,ev_C,C,3,
20170805000740,2017-08-05 00:07:40,2017-08-05 12:00:00,ev_C,C,18,
20170805000750,2017-08-05 00:07:50,2017-08-05 12:00:00,ev_C,C,2,
20170805000800,2017-08-05 00:08:00,2017-08-05 12:00:00,ev_C,C,14,
20170805000810,2017-08-05 00:08:10,2017-08-05 12:00:00,ev_N,K,3,
20170805000820,2017-08-05 00:08:20,2017-08-05 12:00:00,ev_K,K,1,
20170805000830,2017-08-05 00:08:30,2017-08-05 12:00:00,ev_C,C,15,
20170805000840,2017-08-05 00:08:40,2017-08-05 12:00:00,ev_C,C,9,
20170805000850,2017-08-05 00:08:50,2017-08-05 12:00:00,ev_K,K,5,
20170805000900,2017-08-05 00:09:00,2017-08-05 12:00:00,ev_K,K,2,
20170805000910,2017-08-05 00:09:10,2017-08-05 12:00:00,ev_C,C,13,
20170805000920,2017-08-05 00:09:20,2017-08-05 12:00:00,ev_C,C,11,
20170805000930,2017-08-05 00:09:30,2017-08-05 12:00:00,ev_C,C,6,
20170805000940,2017-08-05 00:09:40,2017-08-05 12:00:00,ev_N,K,2,
20170805000950,2017-08-05 00:09:50,2017-08-05 12:00:00,ev_C,C,7,
20170805001000,2017-08-05 00:10:00,2017-08-05 12:00:00,ev_C,C,17,
20170805001010,2017-08-05 00:10:10,2017-08-05 12:00:00,ev_N,K,2,
20170805001020,2017-08-05 00:10:20,2017-08-05 12:00:00,ev_C,C,12,
20170805001030,2017-08-05 00:10:30,2017-08-05 12:00:00,ev_N,K,3,
20170805001040,2017-08-05 00:10:40,2017-08-05 12:00:00,ev_C,C,12,
20170805001050,2017-08-05 00:10:50,2017-08-05 12:00:00,ev_C,C,8,
20170805001100,2017-08-05 00:11:00,2017-08-05 12:00:00,ev_K,K,4,
20170805001110,2017-08-05 00:11:10,2017-08-05 12:00:00,ev_K,K,1,
20170805001120,2017-08-05 00:11:20,2017-08-05 12:00:00,ev_N,K,2,
20170805001130,2017-08-05 00:11:30,2017-08-05 12:00:00,ev_C,C,17,
20170805001140,2017-08-05 00:11:40,2017-08-05 12:00:00,ev_C,C,8,
20170805001150,2017-08-05 00:11:50,2017-08-05 12:00:00,ev_K,K,3,
20170805001200,2017-08-05 00:12:00,2017-08-05 12:00:00,ev_C,C,19,
20170805001210,2017-08-05 00:12:10,2017-08-05 12:00:00,ev_K,K,4,
20170805001220,2017-08-05 00:12:20,2017-08-05 12:00:00,ev_K,K,2,
20170805001230,2017-08-05 00:12:30,2017-08-05 12:00:00,ev_C,C,8,
20170805001240,2017-08-05 00:12:40,2017-08-05 12:00:00,ev_K,K,1,
20170805001250,2017-08-05 00:12:50,2017-08-05 12:00:00,ev_C,C,5,
20170805001300,2017-08-05 00:13:00,2017-08-05 12:00:00,ev_C,C,19,
20170805001310,2017-08-05 00:13:10,2017-08-05 12:00:00,ev_C,C,14,
20170805001320,2017-08-05 00:13:20,2017-08-05 12:00:00,ev_K,K,5,
20170805001330,2017-08-05 00:13:30,2017-08-05 12:00:00,ev_C,C,16,
20170805001340,2017-08-05 00:13:40,2017-08-05 12:00:00,ev_C,C,14,
20170805001350,2017-08-05 00:13:50,2017-08-05 12:00:00,ev_C,C,7,
20170805001400,2017-08-05 00:14:00,2017-08-05 12:00:00,ev_K,K,5,
20170805001410,2017-08-05 00:14:10,2017-08-05 12:00:00,ev_C,C,2,
20170805001420,2017-08-05 00:14:20,2017-08-05 12:00:00,ev_C,C,20,
20170805001430,2017-08-05 00:14:30,2017-08-05 12:00:00,ev_C,C,3,
20170805001440,2017-08-05 00:14:40,2017-08-05 12:00:00,ev_C,C,7,
20170805001450,2017-08-05 00:14:50,2017-08-05 12:00:00,ev_C,C,20,
20170805001500,2017-08-05 00:15:00,2017-08-05 12:00:00,ev_K,K,5,
20170805001510,2017-08-05 00:15:10,2017-08-05 12:00:00,ev_C,C,10,
20170805001520,2017-08-05 00:15:20,2017-08-05 12:00:00,ev_C,C,8,
20170805001530,2017-08-05 00:15:30,2017-08-05 12:00:00,ev_C,C,19,
20170805001540,2017-08-05 00:15:40,2017-08-05 12:00:00,ev_K,K,1,
20170805001550,2017-08-05 00:15:50,2017-08-05 12:00:00,ev_C,C,11,
20170805001600,2017-08-05 00:16:00,2017-08-05 12:00:00,ev_C,C,11,
20170805001610,2017-08-05 00:16:10,2017-08-05 12:00:00,ev_C,C,17,
20170805001620,2017-08-05 00:16:20,2017-08-05 12:00:00,ev_C,C,17,
20170805001630,2017-08-05 00:16:30,2017-08-05 12:00:00,ev_C,C,8,
20170805001640,2017-08-05 00:16:40,2017-08-05 12:00:00,ev_K,K,4,
20170805001650,2017-08-05 00:16:50,2017-08-05 12:00:00,ev_C,C,1,
20170805001700,2017-08-05 00:17:00,2017-08-05 12:00:00,ev_C,C,4,
20170805001710,2017-08-05 00:17:10,2017-08-05 12:00:00,ev_C,C,9,
20170805001720,2017-08-05 00:17:20,2017-08-05 12:00:00,ev_N,K,4,
20170805001730,2017-08-05 00:17:30,2017-08-05 12:00:00,ev_C,C,8,
20170805001740,2017-08-05 00:17:40,2017-08-05 12:00:00,ev_C,C,18,
20170805001750,2017-08-05 00:17:50,2017-08-05 12:00:00,ev_C,C,12,
20170805001800,2017-08-05 00:18:00,2017-08-05 12:00:00,ev_K,K,2,
20170805001810,2017-08-05 00:18:10,2017-08-05 12:00:00,ev_C,C,1,
20170805001820,2017-08-05 00:18:20,2017-08-05 12:00:00,ev_C,C,1,
20170805001830,2017-08-05 00:18:30,2017-08-05 12:00:00,ev_C,C,11,
20170805001840,2017-08-05 00:18:40,2017-08-05 12:00:00,ev_K,K,3,
20170805001850,2017-08-05 00:18:50,2017-08-05 12:00:00,ev_C,C,20,
20170805001900,2017-08-05 00:19:00,2017-08-05 12:00:00,ev_K,K,2,
20170805001910,2017-08-05 00:19:10,2017-08-05 12:00:00,ev_C,C,18,
20170805001920,2017-08-05 00:19:20,2017-08-05 12:00:00,ev_C,C,18,
20170805001930,2017-08-05 00:19:30,2017-08-05 12:00:00,ev_C,C,2,
20170805001940,2017-08-05 00:19:40,2017-08-05 12:00:00,ev_K,K,5,
20170805001950,2017-08-05 00:19:50,2017-08-05 12:00:00,ev_C,C,1,
20170805002000,2017-08-05 00:20:00,2017-08-05 12:00:00,ev_C,C,18,
20170805002010,2017-08-05 00:20:10,2017-08-05 12:00:00,ev_C,C,12,
20170805002020,2017-08-05 00:20:20,2017-08-05 12:00:00,ev_C,C,10,
20170805002030,2017-08-05 00:20:30,2017-08-05 12:00:00,ev_C,C,16,
20170805002040,2017-08-05 00:20:40,2017-08-05 12:00:00,ev_K,K,4,
20170805002050,2017-08-05 00:20:50,2017-08-05 12:00:00,ev_C,C,3,
20170805002100,2017-08-05 00:21:00,2017-08-05 12:00:00,ev_C,C,10,
20170805002110,2017-08-05 00:21:10,2017-08-05 12:00:00,ev_C,C,11,
20170805002120,2017-08-05 00:21:20,2017-08-05 12:00:00,ev_C,C,12,
20170805002130,2017-08-05 00:21:30,2017-08-05 12:00:00,ev_C,C,19,
20170805002140,2017-08-05 00:21:40,2017-08-05 12:00:00,ev_C,C,7,
20170805002150,2017-08-05 00:21:50,2017-08-05 12:00:00,ev_C,C,14,
20170805002200,2017-08-05 00:22:00,2017-08-05 12:00:00,ev_C,C,7,
20170805002210,2017-08-05 00:22:10,2017-08-05 12:00:00,ev_K,K,5,
20170805002220,2017-08-05 00:22:20,2017-08-05 12:00:00,ev_N,K,2,
20170805002230,2017-08-05 00:22:30,2017-08-05 12:00:00,ev_C,C,4,
20170805002240,2017-08-05 00:22:40,2017-08-05 12:00:00,ev_C,C,3,
20170805002250,2017-08-05 00:22:50,2017-08-05 12:00:00,ev_C,C,5,
20170805002300,2017-08-05 00:23:00,2017-08-05 12:00:00,ev_C,C,8,
20170805002310,2017-08-05 00:23:10,2017-08-05 12:00:00,ev_K,K,4,
20170805002320,2017-08-05 00:23:20,2017-08-05 12:00:00,ev_C,C,8,
20170805002330,2017-08-05 00:23:30,2017-08-05 12:00:00,ev_C,C,10,
20170805002340,2017-08-05 00:23:40,2017-08-05 12:00:00,ev_C,C,17,
20170805002350,2017-08-05 00:23:50,2017-08-05 12:00:00,ev_N,K,3,
20170805002400,2017-08-05 00:24:00,2017-08-05 12:00:00,ev_K,K,5,
20170805002410,2017-08-05 00:24:10,2017-08-05 12:00:00,ev_K,K,4,
20170805002420,2017-08-05 00:24:20,2017-08-05 12:00:00,ev_C,C,8,
20170805002430,2017-08-05 00:24:30,2017-08-05 12:00:00,ev_C,C,1,
20170805002440,2017-08-05 00:24:40,2017-08-05 12:00:00,ev_N,K,1,
20170805002450,2017-08-05 00:24:50,2017-08-05 12:00:00,ev_C,C,7,
20170805002500,2017-08-05 00:25:00,2017-08-05 12:00:00,ev_C,C,18,
20170805002510,2017-08-05 00:25:10,2017-08-05 12:00:00,ev_C,C,16,
20170805002520,2017-08-05 00:25:20,2017-08-05 12:00:00,ev_C,C,1,
20170805002530,2017-08-05 00:25:30,2017-08-05 12:00:00,ev_K,K,5,
20170805002540,2017-08-05 00:25:40,2017-08-05 12:00:00,ev_K,K,4,
20170805002550,2017-08-05 00:25:50,2017-08-05 12:00:00,ev_K,K,4,
20170805002600,2017-08-05 00:26:00,2017-08-05 12:00:00,ev_C,C,3,
20170805002610,2017-08-05 00:26:10,2017-08-05 12:00:00,ev_C,C,11,
20170805002620,2017-08-05 00:26:20,2017-08-05 12:00:00,ev_C,C,17,
20170805002630,2017-08-05 00:26:30,2017-08-05 12:00:00,ev_K,K,5,
20170805002640,2017-08-05 00:26:40,2017-08-05 12:00:00,ev_C,C,13,
20170805002650,2017-08-05 00:26:50,2017-08-05 12:00:00,ev_N,K,1,
20170805002700,2017-08-05 00:27:00,2017-08-05 12:00:00,ev_C,C,7,
20170805002710,2017-08-05 00:27:10,2017-08-05 12:00:00,ev_C,C,7,
20170805002720,2017-08-05 00:27:20,2017-08-05 12:00:00,ev_C,C,9,
20170805002730,2017-08-05 00:27:30,2017-08-05 12:00:00,ev_C,C,16,
20170805002740,2017-08-05 00:27:40,2017-08-05 12:00:00,ev_K,K,4,
20170805002750,2017-08-05 00:27:50,2017-08-05 12:00:00,ev_N,K,1,
20170805002800,2017-08-05 00:28:00,2017-08-05 12:00:00,ev_C,C,16,
20170805002810,2017-08-05 00:28:10,2017-08-05 12:00:00,ev_C,C,4,
20170805002820,2017-08-05 00:28:20,2017-08-05 12:00:00,ev_C,C,6,
20170805002830,2017-08-05 00:28:30,2017-08-05 12:00:00,ev_C,C,10,
20170805002840,2017-08-05 00:28:40,2017-08-05 12:00:00,ev_C,C,19,
20170805002850,2017-08-05 00:28:50,2017-08-05 12:00:00,ev_C,C,4,
20170805002900,2017-08-05 00:29:00,2017-08-05 12:00:00,ev_C,C,15,
20170805002910,2017-08-05 00:29:10,2017-08-05 12:00:00,ev_N,K,4,
20170805002920,2017-08-05 00:29:20,2017-08-05 12:00:00,ev_C,C,2,
20170805002930,2017-08-05 00:29:30,2017-08-05 12:00:00,ev_C,C,6,
20170805002940,2017-08-05 00:29:40,2017-08-05 12:00:00,ev_C,C,16,
20170805002950,2017-08-05 00:29:50,2017-08-05 12:00:00,ev_C,C,13,
20170805003000,2017-08-05 00:30:00,2017-08-05 12:00:00,ev_C,C,19,
20170805003010,2017-08-05 00:30:10,2017-08-05 12:00:00,ev_N,K,2,
20170805003020,2017-08-05 00:30:20,2017-08-05 12:00:00,ev_C,C,6,
20170805003030,2017-08-05 00:30:30,2017-08-05 12:00:00,ev_K,K,2,
20170805003040,2017-08-05 00:30:40,2017-08-05 12:00:00,ev_C,C,5,
20170805003050,2017-08-05 00:30:50,2017-08-05 12:00:00,ev_K,K,5,
20170805003100,2017-08-05 00:31:00,2017-08-05 12:00:00,ev_C,C,11,
20170805003110,2017-08-05 00:31:10,2017-08-05 12:00:00,ev_C,C,20,
20170805003120,2017-08-05 00:31:20,2017-08-05 12:00:00,ev_C,C,4,
20170805003130,2017-08-05 00:31:30,2017-08-05 12:00:00,ev_C,C,4,
20170805003140,2017-08-05 00:31:40,2017-08-05 12:00:00,ev_K,K,5,
20170805003150,2017-08-05 00:31:50,2017-08-05 12:00:00,ev_K,K,3,
20170805003200,2017-08-05 00:32:00,2017-08-05 12:00:00,ev_C,C,4,
20170805003210,2017-08-05 00:32:10,2017-08-05 12:00:00,ev_C,C,16,
20170805003220,2017-08-05 00:32:20,2017-08-05 12:00:00,ev_C,C,17,
20170805003230,2017-08-05 00:32:30,2017-08-05 12:00:00,ev_C,C,13,
20170805003240,2017-08-05 00:32:40,2017-08-05 12:00:00,ev_C,C,2,
20170805003250,2017-08-05 00:32:50,2017-08-05 12:00:00,ev_C,C,1,
20170805003300,2017-08-05 00:33:00,2017-08-05 12:00:00,ev_K,K,3,
20170805003310,2017-08-05 00:33:10,2017-08-05 12:00:00,ev_C,C,20,
20170805003320,2017-08-05 00:33:20,2017-08-05 12:00:00,ev_C,C,1,
20170805003330,2017-08-05 00:33:30,2017-08-05 12:00:00,ev_C,C,2,
20170805003340,2017-08-05 00:33:40,2017-08-05 12:00:00,ev_K,K,3,
20170805003350,2017-08-05 00:33:50,2017-08-05 12:00:00,ev_C,C,4,
20170805003400,2017-08-05 00:34:00,2017-08-05 12:00:00,ev_C,C,8,
20170805003410,2017-08-05 00:34:10,2017-08-05 12:00:00,ev_N,K,2,
20170805003420,2017-08-05 00:34:20,2017-08-05 12:00:00,ev_C,C,6,
20170805003430,2017-08-05 00:34:30,2017-08-05 12:00:00,ev_C,C,5,
20170805003440,2017-08-05 00:34:40,2017-08-05 12:00:00,ev_C,C,7,
20170805003450,2017-08-05 00:34:50,2017-08-05 12:00:00,ev_C,C,13,
20170805003500,2017-08-05 00:35:00,2017-08-05 12:00:00,ev_C,C,20,
20170805003510,2017-08-05 00:35:10,2017-08-05 12:00:00,ev_C,C,7,
20170805003520,2017-08-05 00:35:20,2017-08-05 12:00:00,ev_C,C,4,
20170805003530,2017-08-05 00:35:30,2017-08-05 12:00:00,ev_C,C,14,
20170805003540,2017-08-05 00:35:40,2017-08-05 12:00:00,ev_C,C,9,
20170805003550,2017-08-05 00:35:50,2017-08-05 12:00:00,ev_N,K,3,
20170805003600,2017-08-05 00:36:00,2017-08-05 12:00:00,ev_N,K,4,
20170805003610,2017-08-05 00:36:10,2017-08-05 12:00:00,ev_C,C,15,
20170805003620,2017-08-05 00:36:20,2017-08-05 12:00:00,ev_C,C,3,
20170805003630,2017-08-05 00:36:30,2017-08-05 12:00:00,ev_C,C,7,
20170805003640,2017-08-05 00:36:40,2017-08-05 12:00:00,ev_C,C,12,
20170805003650,2017-08-05 00:36:50,2017-08-05 12:00:00,ev_C,C,16,
20170805003700,2017-08-05 00:37:00,2017-08-05 12:00:00,ev_C,C,8,
20170805003710,2017-08-05 00:37:10,2017-08-05 12:00:00,ev_C,C,10,
20170805003720,2017-08-05 00:37:20,2017-08-05 12:00:00,ev_C,C,3,
20170805003730,2017-08-05 00:37:30,2017-08-05 12:00:00,ev_C,C,13,
20170805003740,2017-08-05 00:37:40,2017-08-05 12:00:00,ev_C,C,12,
20170805003750,2017-08-05 00:37:50,2017-08-05 12:00:00,ev_C,C,19,
20170805003800,2017-08-05 00:38:00,2017-08-05 12:00:00,ev_K,K,5,
20170805003810,2017-08-05 00:38:10,2017-08-05 12:00:00,ev_C,C,8,
20170805003820,2017-08-05 00:38:20,2017-08-05 12:00:00,ev_C,C,17,
20170805003830,2017-08-05 00:38:30,2017-08-05 12:00:00,ev_C,C,19,
20170805003840,2017-08-05 00:38:40,2017-08-05 12:00:00,ev_C,C,12,
20170805003850,2017-08-05 00:38:50,2017-08-05 12:00:00,ev_C,C,10,
20170805003900,2017-08-05 00:39:00,2017-08-05 12:00:00,ev_N,K,1,
20170805003910,2017-08-05 00:39:10,2017-08-05 12:00:00,ev_N,K,2,
20170805003920,2017-08-05 00:39:20,2017-08-05 12:00:00,ev_C,C,4,
20170805003930,2017-08-05 00:39:30,2017-08-05 12:00:00,ev_C,C,19,
20170805003940,2017-08-05 00:39:40,2017-08-05 12:00:00,ev_K,K,3,
20170805003950,2017-08-05 00:39:50,2017-08-05 12:00:00,ev_C,C,5,
20170805004000,2017-08-05 00:40:00,2017-08-05 12:00:00,ev_C,C,9,
20170805004010,2017-08-05 00:40:10,2017-08-05 12:00:00,ev_C,C,4,
20170805004020,2017-08-05 00:40:20,2017-08-05 12:00:00,ev_C,C,8,
20170805004030,2017-08-05 00:40:30,2017-08-05 12:00:00,ev_N,K,4,
20170805004040,2017-08-05 00:40:40,2017-08-05 12:00:00,ev_C,C,11,
20170805004050,2017-08-05 00:40:50,2017-08-05 12:00:00,ev_N,K,3,
20170805004100,2017-08-05 00:41:00,2017-08-05 12:00:00,ev_N,K,2,
20170805004110,2017-08-05 00:41:10,2017-08-05 12:00:00,ev_C,C,4,
20170805004120,2017-08-05 00:41:20,2017-08-05 12:00:00,ev_C,C,9,
20170805004130,2017-08-05 00:41:30,2017-08-05 12:00:00,ev_C,C,3,
20170805004140,2017-08-05 00:41:40,2017-08-05 12:00:00,ev_C,C,15,
20170805004150,2017-08-05 00:41:50,2017-08-05 12:00:00,ev_C,C,16,
20170805004200,2017-08-05 00:42:00,2017-08-05 12:00:00,ev_C,C,1,
20170805004210,2017-08-05 00:42:10,2017-08-05 12:00:00,ev_N,K,5,
20170805004220,2017-08-05 00:42:20,2017-08-05 12:00:00,ev_K,K,3,
20170805004230,2017-08-05 00:42:30,2017-08-05 12:00:00,ev_C,C,12,
20170805004240,2017-08-05 00:42:40,2017-08-05 12:00:00,ev_C,C,8,
20170805004250,2017-08-05 00:42:50,2017-08-05 12:00:00,ev_C,C,20,
20170805004300,2017-08-05 00:43:00,2017-08-05 12:00:00,ev_K,K,3,
20170805004310,2017-08-05 00:43:10,2017-08-05 12:00:00,ev_C,C,10,
20170805004320,2017-08-05 00:43:20,2017-08-05 12:00:00,ev_C,C,10,
20170805004330,2017-08-05 00:43:30,2017-08-05 12:00:00,ev_C,C,17,
20170805004340,2017-08-05 00:43:40,2017-08-05 12:00:00,ev_C,C,14,
20170805004350,2017-08-05 00:43:50,2017-08-05 12:00:00,ev_C,C,8,
20170805004400,2017-08-05 00:44:00,2017-08-05 12:00:00,ev_C,C,1,
20170805004410,2017-08-05 00:44:10,2017-08-05 12:00:00,ev_K,K,3,
20170805004420,2017-08-05 00:44:20,2017-08-05 12:00:00,ev_C,C,3,
20170805004430,2017-08-05 00:44:30,2017-08-05 12:00:00,ev_K,K,2,
20170805004440,2017-08-05 00:44:40,2017-08-05 12:00:00,ev_C,C,3,
20170805004450,2017-08-05 00:44:50,2017-08-05 12:00:00,ev_C,C,7,
20170805004500,2017-08-05 00:45:00,2017-08-05 12:00:00,ev_C,C,15,
20170805004510,2017-08-05 00:45:10,2017-08-05 12:00:00,ev_C,C,2,
20170805004520,2017-08-05 00:45:20,2017-08-05 12:00:00,ev_C,C,6,
20170805004530,2017-08-05 00:45:30,2017-08-05 12:00:00,ev_C,C,9,
20170805004540,2017-08-05 00:45:40,2017-08-05 12:00:00,ev_C,C,17,
20170805004550,2017-08-05 00:45:50,2017-08-05 12:00:00,ev_C,C,11,
20170805004600,2017-08-05 00:46:00,2017-08-05 12:00:00,ev_K,K,1,
20170805004610,2017-08-05 00:46:10,2017-08-05 12:00:00,ev_C,C,13,
20170805004620,2017-08-05 00:46:20,2017-08-05 12:00:00,ev_C,C,6,
20170805004630,2017-08-05 00:46:30,2017-08-05 12:00:00,ev_C,C,7,
20170805004640,2017-08-05 00:46:40,2017-08-05 12:00:00,ev_C,C,20,
20170805004650,2017-08-05 00:46:50,2017-08-05 12:00:00,ev_C,C,15,
20170805004700,2017-08-05 00:47:00,2017-08-05 12:00:00,ev_C,C,3,
20170805004710,2017-08-05 00:47:10,2017-08-05 12:00:00,ev_N,K,1,
20170805004720,2017-08-05 00:47:20,2017-08-05 12:00:00,ev_C,C,12,
20170805004730,2017-08-05 00:47:30,2017-08-05 12:00:00,ev_C,C,8,
20170805004740,2017-08-05 00:47:40,2017-08-05 12:00:00,ev_C,C,12,
20170805004750,2017-08-05 00:47:50,2017-08-05 12:00:00,ev_C,C,9,
20170805004800,2017-08-05 00:48:00,2017-08-05 12:00:00,ev_C,C,2,
20170805004810,2017-08-05 00:48:10,2017-08-05 12:00:00,ev_C,C,16,
20170805004820,2017-08-05 00:48:20,2017-08-05 12:00:00,ev_C,C,7,
20170805004830,2017-08-05 00:48:30,2017-08-05 12:00:00,ev_C,C,12,
20170805004840,2017-08-05 00:48:40,2017-08-05 12:00:00,ev_K,K,2,
20170805004850,2017-08-05 00:48:50,2017-08-05 12:00:00,ev_C,C,14,
20170805004900,2017-08-05 00:49:00,2017-08-05 12:00:00,ev_C,C,16,
20170805004910,2017-08-05 00:49:10,2017-08-05 12:00:00,ev_C,C,3,
20170805004920,2017-08-05 00:49:20,2017-08-05 12:00:00,ev_K,K,5,
20170805004930,2017-08-05 00:49:30,2017-08-05 12:00:00,ev_K,K,3,
20170805004940,2017-08-05 00:49:40,2017-08-05 12:00:00,ev_C,C,17,
20170805004950,2017-08-05 00:49:50,2017-08-05 12:00:00,ev_N,K,4,
20170805005000,2017-08-05 00:50:00,2017-08-05 12:00:00,ev_C,C,10,
20170805005010,2017-08-05 00:50:10,2017-08-05 12:00:00,ev_C,C,8,
20170805005020,2017-08-05 00:50:20,2017-08-05 12:00:00,ev_C,C,3,
20170805005030,2017-08-05 00:50:30,2017-08-05 12:00:00,ev_C,C,20,
20170805005040,2017-08-05 00:50:40,2017-08-05 12:00:00,ev_C,C,15,
20170805005050,2017-08-05 00:50:50,2017-08-05 12:00:00,ev_K,K,4,
20170805005100,2017-08-05 00:51:00,2017-08-05 12:00:00,ev_C,C,18,
20170805005110,2017-08-05 00:51:10,2017-08-05 12:00:00,ev_C,C,14,
20170805005120,2017-08-05 00:51:20,2017-08-05 12:00:00,ev_C,C,11,
20170805005130,2017-08-05 00:51:30,2017-08-05 12:00:00,ev_C,C,20,
20170805005140,2017-08-05 00:51:40,2017-08-05 12:00:00,ev_C,C,15,
20170805005150,2017-08-05 00:51:50,2017-08-05 12:00:00,ev_C,C,15,
20170805005200,2017-08-05 00:52:00,2017-08-05 12:00:00,ev_N,K,3,
20170805005210,2017-08-05 00:52:10,2017-08-05 12:00:00,ev_C,C,9,
20170805005220,2017-08-05 00:52:20,2017-08-05 12:00:00,ev_C,C,11,
20170805005230,2017-08-05 00:52:30,2017-08-05 12:00:00,ev_C,C,14,
20170805005240,2017-08-05 00:52:40,2017-08-05 12:00:00,ev_C,C,2,
20170805005250,2017-08-05 00:52:50,2017-08-05 12:00:00,ev_C,C,4,
20170805005300,2017-08-05 00:53:00,2017-08-05 12:00:00,ev_C,C,1,
20170805005310,2017-08-05 00:53:10,2017-08-05 12:00:00,ev_N,K,4,
20170805005320,2017-08-05 00:53:20,2017-08-05 12:00:00,ev_C,C,19,
20170805005330,2017-08-05 00:53:30,2017-08-05 12:00:00,ev_C,C,10,
20170805005340,2017-08-05 00:53:40,2017-08-05 12:00:00,ev_K,K,1,
20170805005350,2017-08-05 00:53:50,2017-08-05 12:00:00,ev_C,C,4,
20170805005400,2017-08-05 00:54:00,2017-08-05 12:00:00,ev_C,C,13,
20170805005410,2017-08-05 00:54:10,2017-08-05 12:00:00,ev_C,C,6,
20170805005420,2017-08-05 00:54:20,2017-08-05 12:00:00,ev_C,C,14,
20170805005430,2017-08-05 00:54:30,2017-08-05 12:00:00,ev_C,C,11,
20170805005440,2017-08-05 00:54:40,2017-08-05 12:00:00,ev_N,K,1,
20170805005450,2017-08-05 00:54:50,2017-08-05 12:00:00,ev_C,C,10,
20170805005500,2017-08-05 00:55:00,2017-08-05 12:00:00,ev_C,C,2,
20170805005510,2017-08-05 00:55:10,2017-08-05 12:00:00,ev_C,C,5,
20170805005520,2017-08-05 00:55:20,2017-08-05 12:00:00,ev_C,C,17,
20170805005530,2017-08-05 00:55:30,2017-08-05 12:00:00,ev_C,C,17,
20170805005540,2017-08-05 00:55:40,2017-08-05 12:00:00,ev_C,C,7,
20170805005550,2017-08-05 00:55:50,2017-08-05 12:00:00,ev_C,C,15,
20170805005600,2017-08-05 00:56:00,2017-08-05 12:00:00,ev_C,C,19,
20170805005610,2017-08-05 00:56:10,2017-08-05 12:00:00,ev_C,C,3,
20170805005620,2017-08-05 00:56:20,2017-08-05 12:00:00,ev_C,C,17,
20170805005630,2017-08-05 00:56:30,2017-08-05 12:00:00,ev_N,K,1,
20170805005640,2017-08-05 00:56:40,2017-08-05 12:00:00,ev_K,K,4,
20170805005650,2017-08-05 00:56:50,2017-08-05 12:00:00,ev_C,C,14,
20170805005700,2017-08-05 00:57:00,2017-08-05 12:00:00,ev_C,C,20,
20170805005710,2017-08-05 00:57:10,2017-08-05 12:00:00,ev_C,C,7,
20170805005720,2017-08-05 00:57:20,2017-08-05 12:00:00,ev_C,C,8,
20170805005730,2017-08-05 00:57:30,2017-08-05 12:00:00,ev_K,K,4,
20170805005740,2017-08-05 00:57:40,2017-08-05 12:00:00,ev_C,C,2,
20170805005750,2017-08-05 00:57:50,2017-08-05 12:00:00,ev_C,C,13,
20170805005800,2017-08-05 00:58:00,2017-08-05 12:00:00,ev_C,C,5,
20170805005810,2017-08-05 00:58:10,2017-08-05 12:00:00,ev_C,C,12,
20170805005820,2017-08-05 00:58:20,2017-08-05 12:00:00,ev_C,C,18,
20170805005830,2017-08-05 00:58:30,2017-08-05 12:00:00,ev_C,C,3,
20170805005840,2017-08-05 00:58:40,2017-08-05 12:00:00,ev_C,C,16,
20170805005850,2017-08-05 00:58:50,2017-08-05 12:00:00,ev_K,K,1,
20170805005900,2017-08-05 00:59:00,2017-08-05 12:00:00,ev_K,K,2,
20170805005910,2017-08-05 00:59:10,2017-08-05 12:00:00,ev_K,K,1,
20170805005920,2017-08-05 00:59:20,2017-08-05 12:00:00,ev_C,C,4,
20170805005930,2017-08-05 00:59:30,2017-08-05 12:00:00,ev_C,C,6,
20170805005940,2017-08-05 00:59:40,2017-08-05 12:00:00,ev_C,C,3,
20170805005950,2017-08-05 00:59:50,2017-08-05 12:00:00,ev_C,C,6,
20170805010000,2017-08-05 01:00:00,2017-08-05 12:00:00,ev_C,C,17,
20170805010010,2017-08-05 01:00:10,2017-08-05 12:00:00,ev_C,C,4,
20170805010020,2017-08-05 01:00:20,2017-08-05 12:00:00,ev_C,C,2,
20170805010030,2017-08-05 01:00:30,2017-08-05 12:00:00,ev_C,C,14,
20170805010040,2017-08-05 01:00:40,2017-08-05 12:00:00,ev_C,C,11,
20170805010050,2017-08-05 01:00:50,2017-08-05 12:00:00,ev_K,K,4,
20170805010100,2017-08-05 01:01:00,2017-08-05 12:00:00,ev_C,C,19,
20170805010110,2017-08-05 01:01:10,2017-08-05 12:00:00,ev_C,C,8,
20170805010120,2017-08-05 01:01:20,2017-08-05 12:00:00,ev_K,K,1,
20170805010130,2017-08-05 01:01:30,2017-08-05 12:00:00,ev_C,C,2,
20170805010140,2017-08-05 01:01:40,2017-08-05 12:00:00,ev_C,C,20,
20170805010150,2017-08-05 01:01:50,2017-08-05 12:00:00,ev_C,C,15,
20170805010200,2017-08-05 01:02:00,2017-08-05 12:00:00,ev_C,C,2,
20170805010210,2017-08-05 01:02:10,2017-08-05 12:00:00,ev_N,K,5,
20170805010220,2017-08-05 01:02:20,2017-08-05 12:00:00,ev_C,C,17,
20170805010230,2017-08-05 01:02:30,2017-08-05 12:00:00,ev_N,K,3,
20170805010240,2017-08-05 01:02:40,2017-08-05 12:00:00,ev_C,C,2,
20170805010250,2017-08-05 01:02:50,2017-08-05 12:00:00,ev_C,C,7,
20170805010300,2017-08-05 01:03:00,2017-08-05 12:00:00,ev_C,C,16,
20170805010310,2017-08-05 01:03:10,2017-08-05 12:00:00,ev_C,C,7,
20170805010320,2017-08-05 01:03:20,2017-08-05 12:00:00,ev_C,C,17,
20170805010330,2017-08-05 01:03:30,2017-08-05 12:00:00,ev_C,C,12,
20170805010340,2017-08-05 01:03:40,2017-08-05 12:00:00,ev_C,C,3,
20170805010350,2017-08-05 01:03:50,2017-08-05 12:00:00,ev_C,C,3,
20170805010400,2017-08-05 01:04:00,2017-08-05 12:00:00,ev_C,C,12,
20170805010410,2017-08-05 01:04:10,2017-08-05 12:00:00,ev_C,C,3,
20170805010420,2017-08-05 01:04:20,2017-08-05 12:00:00,ev_C,C,5,
20170805010430,2017-08-05 01:04:30,2017-08-05 12:00:00,ev_C,C,16,
20170805010440,2017-08-05 01:04:40,2017-08-05 12:00:00,ev_N,K,1,
20170805010450,2017-08-05 01:04:50,2017-08-05 12:00:00,ev_C,C,15,
20170805010500,2017-08-05 01:05:00,2017-08-05 12:00:00,ev_C,C,18,
20170805010510,2017-08-05 01:05:10,2017-08-05 12:00:00,ev_K,K,5,
20170805010520,2017-08-05 01:05:20,2017-08-05 12:00:00,ev_C,C,1,
20170805010530,2017-08-05 01:05:30,2017-08-05 12:00:00,ev_C,C,4,
20170805010540,2017-08-05 01:05:40,2017-08-05 12:00:00,ev_C,C,12,
20170805010550,2017-08-05 01:05:50,2017-08-05 12:00:00,ev_C,C,13,
20170805010600,2017-08-05 01:06:00,2017-08-05 12:00:00,ev_N,K,2,
20170805010610,2017-08-05 01:06:10,2017-08-05 12:00:00,ev_C,C,18,
20170805010620,2017-08-05 01:06:20,2017-08-05 12:00:00,ev_K,K,4,
20170805010630,2017-08-05 01:06:30,2017-08-05 12:00:00,ev_K,K,4,
20170805010640,2017-08-05 01:06:40,2017-08-05 12:00:00,ev_C,C,18,
20170805010650,2017-08-05 01:06:50,2017-08-05 12:00:00,ev_N,K,3,
20170805010700,2017-08-05 01:07:00,2017-08-05 12:00:00,ev_C,C,19,
20170805010710,2017-08-05 01:07:10,2017-08-05 12:00:00,ev_C,C,10,
20170805010720,2017-08-05 01:07:20,2017-08-05 12:00:00,ev_C,C,18,
20170805010730,2017-08-05 01:07:30,2017-08-05 12:00:00,ev_C,C,1,
20170805010740,2017-08-05 01:07:40,2017-08-05 12:00:00,ev_K,K,1,
20170805010750,2017-08-05 01:07:50,2017-08-05 12:00:00,ev_K,K,1,
20170805010800,2017-08-05 01:08:00,2017-08-05 12:00:00,ev_K,K,1,
20170805010810,2017-08-05 01:08:10,2017-08-05 12:00:00,ev_K,K,4,
20170805010820,2017-08-05 01:08:20,2017-08-05 12:00:00,ev_C,C,11,
20170805010830,2017-08-05 01:08:30,2017-08-05 12:00:00,ev_K,K,2,
20170805010840,2017-08-05 01:08:40,2017-08-05 12:00:00,ev_C,C,10,
20170805010850,2017-08-05 01:08:50,2017-08-05 12:00:00,ev_N,K,3,
20170805010900,2017-08-05 01:09:00,2017-08-05 12:00:00,ev_K,K,3,
20170805010910,2017-08-05 01:09:10,2017-08-05 12:00:00,ev_C,C,8,
20170805010920,2017-08-05 01:09:20,2017-08-05 12:00:00,ev_C,C,3,
20170805010930,2017-08-05 01:09:30,2017-08-05 12:00:00,ev_C,C,4,
20170805010940,2017-08-05 01:09:40,2017-08-05 12:00:00,ev_C,C,19,
20170805010950,2017-08-05 01:09:50,2017-08-05 12:00:00,ev_C,C,12,
20170805011000,2017-08-05 01:10:00,2017-08-05 12:00:00,ev_C,C,18,
20170805011010,2017-08-05 01:10:10,2017-08-05 12:00:00,ev_C,C,8,
20170805011020,2017-08-05 01:10:20,2017-08-05 12:00:00,ev_C,C,9,
20170805011030,2017-08-05 01:10:30,2017-08-05 12:00:00,ev_C,C,18,
20170805011040,2017-08-05 01:10:40,2017-08-05 12:00:00,ev_C,C,12,
20170805011050,2017-08-05 01:10:50,2017-08-05 12:00:00,ev_C,C,8,
20170805011100,2017-08-05 01:11:00,2017-08-05 12:00:00,ev_C,C,9,
20170805011110,2017-08-05 01:11:10,2017-08-05 12:00:00,ev_C,C,4,
20170805011120,2017-08-05 01:11:20,2017-08-05 12:00:00,ev_C,C,1,
20170805011130,2017-08-05 01:11:30,2017-08-05 12:00:00,ev_N,K,4,
20170805011140,2017-08-05 01:11:40,2017-08-05 12:00:00,ev_K,K,5,
20170805011150,2017-08-05 01:11:50,2017-08-05 12:00:00,ev_C,C,18,
20170805011200,2017-08-05 01:12:00,2017-08-05 12:00:00,ev_C,C,19,
20170805011210,2017-08-05 01:12:10,2017-08-05 12:00:00,ev_C,C,15,
20170805011220,2017-08-05 01:12:20,2017-08-05 12:00:00,ev_C,C,8,
20170805011230,2017-08-05 01:12:30,2017-08-05 12:00:00,ev_C,C,19,
20170805011240,2017-08-05 01:12:40,2017-08-05 12:00:00,ev_C,C,16,
20170805011250,2017-08-05 01:12:50,2017-08-05 12:00:00,ev_C,C,8,
20170805011300,2017-08-05 01:13:00,2017-08-05 12:00:00,ev_C,C,8,
20170805011310,2017-08-05 01:13:10,2017-08-05 12:00:00,ev_C,C,8,
20170805011320,2017-08-05 01:13:20,2017-08-05 12:00:00,ev_C,C,13,
20170805011330,2017-08-05 01:13:30,2017-08-05 12:00:00,ev_C,C,1,
20170805011340,2017-08-05 01:13:40,2017-08-05 12:00:00,ev_C,C,17,
20170805011350,2017-08-05 01:13:50,2017-08-05 12:00:00,ev_C,C,13,
20170805011400,2017-08-05 01:14:00,2017-08-05 12:00:00,ev_C,C,7,
20170805011410,2017-08-05 01:14:10,2017-08-05 12:00:00,ev_C,C,13,
20170805011420,2017-08-05 01:14:20,2017-08-05 12:00:00,ev_C,C,9,
20170805011430,2017-08-05 01:14:30,2017-08-05 12:00:00,ev_C,C,1,
20170805011440,2017-08-05 01:14:40,2017-08-05 12:00:00,ev_C,C,7,
20170805011450,2017-08-05 01:14:50,2017-08-05 12:00:00,ev_C,C,14,
20170805011500,2017-08-05 01:15:00,2017-08-05 12:00:00,ev_K,K,4,
20170805011510,2017-08-05 01:15:10,2017-08-05 12:00:00,ev_C,C,19,
20170805011520,2017-08-05 01:15:20,2017-08-05 12:00:00,ev_C,C,9,
20170805011530,2017-08-05 01:15:30,2017-08-05 12:00:00,ev_C,C,18,
20170805011540,2017-08-05 01:15:40,2017-08-05 12:00:00,ev_C,C,3,
20170805011550,2017-08-05 01:15:50,2017-08-05 12:00:00,ev_C,C,13,
20170805011600,2017-08-05 01:16:00,2017-08-05 12:00:00,ev_C,C,19,
20170805011610,2017-08-05 01:16:10,2017-08-05 12:00:00,ev_C,C,17,
20170805011620,2017-08-05 01:16:20,2017-08-05 12:00:00,ev_C,C,20,
20170805011630,2017-08-05 01:16:30,2017-08-05 12:00:00,ev_C,C,18,
20170805011640,2017-08-05 01:16:40,2017-08-05 12:00:00,ev_C,C,10,
20170805011650,2017-08-05 01:16:50,2017-08-05 12:00:00,ev_K,K,3,
20170805011700,2017-08-05 01:17:00,2017-08-05 12:00:00,ev_C,C,14,
20170805011710,2017-08-05 01:17:10,2017-08-05 12:00:00,ev_C,C,8,
20170805011720,2017-08-05 01:17:20,2017-08-05 12:00:00,ev_C,C,19,
20170805011730,2017-08-05 01:17:30,2017-08-05 12:00:00,ev_C,C,12,
20170805011740,2017-08-05 01:17:40,2017-08-05 12:00:00,ev_C,C,19,
20170805011750,2017-08-05 01:17:50,2017-08-05 12:00:00,ev_K,K,1,
20170805011800,2017-08-05 01:18:00,2017-08-05 12:00:00,ev_K,K,5,
20170805011810,2017-08-05 01:18:10,2017-08-05 12:00:00,ev_C,C,12,
20170805011820,2017-08-05 01:18:20,2017-08-05 12:00:00,ev_C,C,3,
20170805011830,2017-08-05 01:18:30,2017-08-05 12:00:00,ev_C,C,15,
20170805011840,2017-08-05 01:18:40,2017-08-05 12:00:00,ev_K,K,1,
20170805011850,2017-08-05 01:18:50,2017-08-05 12:00:00,ev_C,C,20,
20170805011900,2017-08-05 01:19:00,2017-08-05 12:00:00,ev_C,C,10,
20170805011910,2017-08-05 01:19:10,2017-08-05 12:00:00,ev_K,K,3,
20170805011920,2017-08-05 01:19:20,2017-08-05 12:00:00,ev_C,C,6,
20170805011930,2017-08-05 01:19:30,2017-08-05 12:00:00,ev_N,K,4,
20170805011940,2017-08-05 01:19:40,2017-08-05 12:00:00,ev_C,C,5,
20170805011950,2017-08-05 01:19:50,2017-08-05 12:00:00,ev_C,C,14,
20170805012000,2017-08-05 01:20:00,2017-08-05 12:00:00,ev_C,C,6,
20170805012010,2017-08-05 01:20:10,2017-08-05 12:00:00,ev_C,C,1,
20170805012020,2017-08-05 01:20:20,2017-08-05 12:00:00,ev_C,C,19,
20170805012030,2017-08-05 01:20:30,2017-08-05 12:00:00,ev_N,K,4,
20170805012040,2017-08-05 01:20:40,2017-08-05 12:00:00,ev_K,K,1,
20170805012050,2017-08-05 01:20:50,2017-08-05 12:00:00,ev_C,C,14,
20170805012100,2017-08-05 01:21:00,2017-08-05 12:00:00,ev_C,C,7,
20170805012110,2017-08-05 01:21:10,2017-08-05 12:00:00,ev_C,C,15,
20170805012120,2017-08-05 01:21:20,2017-08-05 12:00:00,ev_C,C,13,
20170805012130,2017-08-05 01:21:30,2017-08-05 12:00:00,ev_N,K,2,
20170805012140,2017-08-05 01:21:40,2017-08-05 12:00:00,ev_C,C,18,
20170805012150,2017-08-05 01:21:50,2017-08-05 12:00:00,ev_C,C,2,
20170805012200,2017-08-05 01:22:00,2017-08-05 12:00:00,ev_C,C,6,
20170805012210,2017-08-05 01:22:10,2017-08-05 12:00:00,ev_C,C,14,
20170805012220,2017-08-05 01:22:20,2017-08-05 12:00:00,ev_K,K,4,
20170805012230,2017-08-05 01:22:30,2017-08-05 12:00:00,ev_N,K,3,
20170805012240,2017-08-05 01:22:40,2017-08-05 12:00:00,ev_C,C,6,
20170805012250,2017-08-05 01:22:50,2017-08-05 12:00:00,ev_C,C,3,
20170805012300,2017-08-05 01:23:00,2017-08-05 12:00:00,ev_C,C,7,
20170805012310,2017-08-05 01:23:10,2017-08-05 12:00:00,ev_C,C,7,
20170805012320,2017-08-05 01:23:20,2017-08-05 12:00:00,ev_C,C,9,
20170805012330,2017-08-05 01:23:30,2017-08-05 12:00:00,ev_C,C,8,
20170805012340,2017-08-05 01:23:40,2017-08-05 12:00:00,ev_N,K,2,
20170805012350,2017-08-05 01:23:50,2017-08-05 12:00:00,ev_C,C,17,
20170805012400,2017-08-05 01:24:00,2017-08-05 12:00:00,ev_C,C,18,
20170805012410,2017-08-05 01:24:10,2017-08-05 12:00:00,ev_C,C,17,
20170805012420,2017-08-05 01:24:20,2017-08-05 12:00:00,ev_C,C,5,
20170805012430,2017-08-05 01:24:30,2017-08-05 12:00:00,ev_N,K,3,
20170805012440,2017-08-05 01:24:40,2017-08-05 12:00:00,ev_C,C,5,
20170805012450,2017-08-05 01:24:50,2017-08-05 12:00:00,ev_C,C,17,
20170805012500,2017-08-05 01:25:00,2017-08-05 12:00:00,ev_C,C,18,
20170805012510,2017-08-05 01:25:10,2017-08-05 12:00:00,ev_C,C,9,
20170805012520,2017-08-05 01:25:20,2017-08-05 12:00:00,ev_C,C,2,
20170805012530,2017-08-05 01:25:30,2017-08-05 12:00:00,ev_C,C,1,
20170805012540,2017-08-05 01:25:40,2017-08-05 12:00:00,ev_C,C,2,
20170805012550,2017-08-05 01:25:50,2017-08-05 12:00:00,ev_K,K,2,
20170805012600,2017-08-05 01:26:00,2017-08-05 12:00:00,ev_C,C,2,
20170805012610,2017-08-05 01:26:10,2017-08-05 12:00:00,ev_C,C,3,
20170805012620,2017-08-05 01:26:20,2017-08-05 12:00:00,ev_C,C,11,
20170805012630,2017-08-05 01:26:30,2017-08-05 12:00:00,ev_C,C,3,
20170805012640,2017-08-05 01:26:40,2017-08-05 12:00:00,ev_C,C,15,
20170805012650,2017-08-05 01:26:50,2017-08-05 12:00:00,ev_N,K,4,
20170805012700,2017-08-05 01:27:00,2017-08-05 12:00:00,ev_K,K,1,
20170805012710,2017-08-05 01:27:10,2017-08-05 12:00:00,ev_C,C,12,
20170805012720,2017-08-05 01:27:20,2017-08-05 12:00:00,ev_C,C,8,
20170805012730,2017-08-05 01:27:30,2017-08-05 12:00:00,ev_N,K,5,
20170805012740,2017-08-05 01:27:40,2017-08-05 12:00:00,ev_C,C,13,
20170805012750,2017-08-05 01:27:50,2017-08-05 12:00:00,ev_C,C,4,
20170805012800,2017-08-05 01:28:00,2017-08-05 12:00:00,ev_C,C,4,
20170805012810,2017-08-05 01:28:10,2017-08-05 12:00:00,ev_C,C,11,
20170805012820,2017-08-05 01:28:20,2017-08-05 12:00:00,ev_C,C,8,
20170805012830,2017-08-05 01:28:30,2017-08-05 12:00:00,ev_K,K,4,
20170805012840,2017-08-05 01:28:40,2017-08-05 12:00:00,ev_K,K,4,
20170805012850,2017-08-05 01:28:50,2017-08-05 12:00:00,ev_C,C,6,
20170805012900,2017-08-05 01:29:00,2017-08-05 12:00:00,ev_K,K,1,
20170805012910,2017-08-05 01:29:10,2017-08-05 12:00:00,ev_C,C,13,
20170805012920,2017-08-05 01:29:20,2017-08-05 12:00:00,ev_K,K,2,
20170805012930,2017-08-05 01:29:30,2017-08-05 12:00:00,ev_C,C,7,
20170805012940,2017-08-05 01:29:40,2017-08-05 12:00:00,ev_K,K,3,
20170805012950,2017-08-05 01:29:50,2017-08-05 12:00:00,ev_C,C,11,
20170805013000,2017-08-05 01:30:00,2017-08-05 12:00:00,ev_C,C,8,
20170805013010,2017-08-05 01:30:10,2017-08-05 12:00:00,ev_C,C,19,
20170805013020,2017-08-05 01:30:20,2017-08-05 12:00:00,ev_C,C,10,
20170805013030,2017-08-05 01:30:30,2017-08-05 12:00:00,ev_C,C,4,
20170805013040,2017-08-05 01:30:40,2017-08-05 12:00:00,ev_C,C,20,
20170805013050,2017-08-05 01:30:50,2017-08-05 12:00:00,ev_K,K,4,
20170805013100,2017-08-05 01:31:00,2017-08-05 12:00:00,ev_C,C,15,
20170805013110,2017-08-05 01:31:10,2017-08-05 12:00:00,ev_K,K,5,
20170805013120,2017-08-05 01:31:20,2017-08-05 12:00:00,ev_C,C,11,
20170805013130,2017-08-05 01:31:30,2017-08-05 12:00:00,ev_C,C,20,
20170805013140,2017-08-05 01:31:40,2017-08-05 12:00:00,ev_C,C,5,
20170805013150,2017-08-05 01:31:50,2017-08-05 12:00:00,ev_C,C,13,
20170805013200,2017-08-05 01:32:00,2017-08-05 12:00:00,ev_C,C,14,
20170805013210,2017-08-05 01:32:10,2017-08-05 12:00:00,ev_C,C,11,
20170805013220,2017-08-05 01:32:20,2017-08-05 12:00:00,ev_C,C,17,
20170805013230,2017-08-05 01:32:30,2017-08-05 12:00:00,ev_N,K,1,
20170805013240,2017-08-05 01:32:40,2017-08-05 12:00:00,ev_C,C,1,
20170805013250,2017-08-05 01:32:50,2017-08-05 12:00:00,ev_C,C,19,
20170805013300,2017-08-05 01:33:00,2017-08-05 12:00:00,ev_K,K,5,
20170805013310,2017-08-05 01:33:10,2017-08-05 12:00:00,ev_C,C,14,
20170805013320,2017-08-05 01:33:20,2017-08-05 12:00:00,ev_C,C,2,
20170805013330,2017-08-05 01:33:30,2017-08-05 12:00:00,ev_C,C,8,
20170805013340,2017-08-05 01:33:40,2017-08-05 12:00:00,ev_K,K,3,
20170805013350,2017-08-05 01:33:50,2017-08-05 12:00:00,ev_N,K,4,
20170805013400,2017-08-05 01:34:00,2017-08-05 12:00:00,ev_C,C,6,
20170805013410,2017-08-05 01:34:10,2017-08-05 12:00:00,ev_N,K,3,
20170805013420,2017-08-05 01:34:20,2017-08-05 12:00:00,ev_C,C,15,
20170805013430,2017-08-05 01:34:30,2017-08-05 12:00:00,ev_C,C,10,
20170805013440,2017-08-05 01:34:40,2017-08-05 12:00:00,ev_C,C,16,
20170805013450,2017-08-05 01:34:50,2017-08-05 12:00:00,ev_C,C,19,
20170805013500,2017-08-05 01:35:00,2017-08-05 12:00:00,ev_C,C,18,
20170805013510,2017-08-05 01:35:10,2017-08-05 12:00:00,ev_K,K,5,
20170805013520,2017-08-05 01:35:20,2017-08-05 12:00:00,ev_C,C,1,
20170805013530,2017-08-05 01:35:30,2017-08-05 12:00:00,ev_C,C,9,
20170805013540,2017-08-05 01:35:40,2017-08-05 12:00:00,ev_N,K,5,
20170805013550,2017-08-05 01:35:50,2017-08-05 12:00:00,ev_K,K,1,
20170805013600,2017-08-05 01:36:00,2017-08-05 12:00:00,ev_K,K,1,
20170805013610,2017-08-05 01:36:10,2017-08-05 12:00:00,ev_C,C,20,
20170805013620,2017-08-05 01:36:20,2017-08-05 12:00:00,ev_C,C,14,
20170805013630,2017-08-05 01:36:30,2017-08-05 12:00:00,ev_C,C,9,
20170805013640,2017-08-05 01:36:40,2017-08-05 12:00:00,ev_C,C,16,
20170805013650,2017-08-05 01:36:50,2017-08-05 12:00:00,ev_C,C,4,
20170805013700,2017-08-05 01:37:00,2017-08-05 12:00:00,ev_C,C,13,
20170805013710,2017-08-05 01:37:10,2017-08-05 12:00:00,ev_K,K,5,
20170805013720,2017-08-05 01:37:20,2017-08-05 12:00:00,ev_C,C,20,
20170805013730,2017-08-05 01:37:30,2017-08-05 12:00:00,ev_C,C,15,
20170805013740,2017-08-05 01:37:40,2017-08-05 12:00:00,ev_N,K,1,
20170805013750,2017-08-05 01:37:50,2017-08-05 12:00:00,ev_K,K,2,
20170805013800,2017-08-05 01:38:00,2017-08-05 12:00:00,ev_C,C,5,
20170805013810,2017-08-05 01:38:10,2017-08-05 12:00:00,ev_K,K,5,
20170805013820,2017-08-05 01:38:20,2017-08-05 12:00:00,ev_C,C,8,
20170805013830,2017-08-05 01:38:30,2017-08-05 12:00:00,ev_C,C,11,
20170805013840,2017-08-05 01:38:40,2017-08-05 12:00:00,ev_C,C,11,
20170805013850,2017-08-05 01:38:50,2017-08-05 12:00:00,ev_K,K,4,
20170805013900,2017-08-05 01:39:00,2017-08-05 12:00:00,ev_N,K,1,
20170805013910,2017-08-05 01:39:10,2017-08-05 12:00:00,ev_K,K,5,
20170805013920,2017-08-05 01:39:20,2017-08-05 12:00:00,ev_C,C,12,
20170805013930,2017-08-05 01:39:30,2017-08-05 12:00:00,ev_K,K,1,
20170805013940,2017-08-05 01:39:40,2017-08-05 12:00:00,ev_C,C,12,
20170805013950,2017-08-05 01:39:50,2017-08-05 12:00:00,ev_C,C,15,
20170805014000,2017-08-05 01:40:00,2017-08-05 12:00:00,ev_C,C,5,
20170805014010,2017-08-05 01:40:10,2017-08-05 12:00:00,ev_C,C,13,
20170805014020,2017-08-05 01:40:20,2017-08-05 12:00:00,ev_C,C,11,
20170805014030,2017-08-05 01:40:30,2017-08-05 12:00:00,ev_K,K,3,
20170805014040,2017-08-05 01:40:40,2017-08-05 12:00:00,ev_C,C,11,
20170805014050,2017-08-05 01:40:50,2017-08-05 12:00:00,ev_C,C,6,
20170805014100,2017-08-05 01:41:00,2017-08-05 12:00:00,ev_C,C,10,
20170805014110,2017-08-05 01:41:10,2017-08-05 12:00:00,ev_C,C,2,
20170805014120,2017-08-05 01:41:20,2017-08-05 12:00:00,ev_C,C,5,
20170805014130,2017-08-05 01:41:30,2017-08-05 12:00:00,ev_K,K,5,
20170805014140,2017-08-05 01:41:40,2017-08-05 12:00:00,ev_K,K,5,
20170805014150,2017-08-05 01:41:50,2017-08-05 12:00:00,ev_C,C,3,
20170805014200,2017-08-05 01:42:00,2017-08-05 12:00:00,ev_K,K,2,
20170805014210,2017-08-05 01:42:10,2017-08-05 12:00:00,ev_C,C,13,
20170805014220,2017-08-05 01:42:20,2017-08-05 12:00:00,ev_C,C,15,
20170805014230,2017-08-05 01:42:30,2017-08-05 12:00:00,ev_C,C,5,
20170805014240,2017-08-05 01:42:40,2017-08-05 12:00:00,ev_K,K,4,
20170805014250,2017-08-05 01:42:50,2017-08-05 12:00:00,ev_C,C,14,
20170805014300,2017-08-05 01:43:00,2017-08-05 12:00:00,ev_K,K,4,
20170805014310,2017-08-05 01:43:10,2017-08-05 12:00:00,ev_C,C,5,
20170805014320,2017-08-05 01:43:20,2017-08-05 12:00:00,ev_C,C,15,
20170805014330,2017-08-05 01:43:30,2017-08-05 12:00:00,ev_K,K,2,
20170805014340,2017-08-05 01:43:40,2017-08-05 12:00:00,ev_K,K,3,
20170805014350,2017-08-05 01:43:50,2017-08-05 12:00:00,ev_C,C,12,
20170805014400,2017-08-05 01:44:00,2017-08-05 12:00:00,ev_K,K,3,
20170805014410,2017-08-05 01:44:10,2017-08-05 12:00:00,ev_C,C,4,
20170805014420,2017-08-05 01:44:20,2017-08-05 12:00:00,ev_C,C,4,
20170805014430,2017-08-05 01:44:30,2017-08-05 12:00:00,ev_C,C,12,
20170805014440,2017-08-05 01:44:40,2017-08-05 12:00:00,ev_C,C,13,
20170805014450,2017-08-05 01:44:50,2017-08-05 12:00:00,ev_K,K,4,
20170805014500,2017-08-05 01:45:00,2017-08-05 12:00:00,ev_C,C,20,
20170805014510,2017-08-05 01:45:10,2017-08-05 12:00:00,ev_C,C,5,
20170805014520,2017-08-05 01:45:20,2017-08-05 12:00:00,ev_C,C,1,
20170805014530,2017-08-05 01:45:30,2017-08-05 12:00:00,ev_C,C,8,
20170805014540,2017-08-05 01:45:40,2017-08-05 12:00:00,ev_C,C,11,
20170805014550,2017-08-05 01:45:50,2017-08-05 12:00:00,ev_C,C,5,
20170805014600,2017-08-05 01:46:00,2017-08-05 12:00:00,ev_C,C,9,
20170805014610,2017-08-05 01:46:10,2017-08-05 12:00:00,ev_N,K,3,
20170805014620,2017-08-05 01:46:20,2017-08-05 12:00:00,ev_C,C,16,
20170805014630,2017-08-05 01:46:30,2017-08-05 12:00:00,ev_C,C,3,
20170805014640,2017-08-05 01:46:40,2017-08-05 12:00:00,ev_C,C,15,
20170805014650,2017-08-05 01:46:50,2017-08-05 12:00:00,ev_C,C,20,
20170805014700,2017-08-05 01:47:00,2017-08-05 12:00:00,ev_C,C,14,
20170805014710,2017-08-05 01:47:10,2017-08-05 12:00:00,ev_N,K,3,
20170805014720,2017-08-05 01:47:20,2017-08-05 12:00:00,ev_C,C,8,
20170805014730,2017-08-05 01:47:30,2017-08-05 12:00:00,ev_C,C,8,
20170805014740,2017-08-05 01:47:40,2017-08-05 12:00:00,ev_C,C,11,
20170805014750,2017-08-05 01:47:50,2017-08-05 12:00:00,ev_C,C,12,
20170805014800,2017-08-05 01:48:00,2017-08-05 12:00:00,ev_C,C,5,
20170805014810,2017-08-05 01:48:10,2017-08-05 12:00:00,ev_N,K,1,
20170805014820,2017-08-05 01:48:20,2017-08-05 12:00:00,ev_C,C,14,
20170805014830,2017-08-05 01:48:30,2017-08-05 12:00:00,ev_K,K,4,
20170805014840,2017-08-05 01:48:40,2017-08-05 12:00:00,ev_C,C,8,
20170805014850,2017-08-05 01:48:50,2017-08-05 12:00:00,ev_C,C,9,
20170805014900,2017-08-05 01:49:00,2017-08-05 12:00:00,ev_C,C,7,
20170805014910,2017-08-05 01:49:10,2017-08-05 12:00:00,ev_K,K,3,
20170805014920,2017-08-05 01:49:20,2017-08-05 12:00:00,ev_C,C,17,
20170805014930,2017-08-05 01:49:30,2017-08-05 12:00:00,ev_C,C,15,
20170805014940,2017-08-05 01:49:40,2017-08-05 12:00:00,ev_C,C,12,
20170805014950,2017-08-05 01:49:50,2017-08-05 12:00:00,ev_C,C,4,
20170805015000,2017-08-05 01:50:00,2017-08-05 12:00:00,ev_C,C,7,
20170805015010,2017-08-05 01:50:10,2017-08-05 12:00:00,ev_C,C,10,
20170805015020,2017-08-05 01:50:20,2017-08-05 12:00:00,ev_K,K,5,
20170805015030,2017-08-05 01:50:30,2017-08-05 12:00:00,ev_C,C,6,
20170805015040,2017-08-05 01:50:40,2017-08-05 12:00:00,ev_N,K,1,
20170805015050,2017-08-05 01:50:50,2017-08-05 12:00:00,ev_C,C,11,
20170805015100,2017-08-05 01:51:00,2017-08-05 12:00:00,ev_C,C,4,
20170805015110,2017-08-05 01:51:10,2017-08-05 12:00:00,ev_C,C,7,
20170805015120,2017-08-05 01:51:20,2017-08-05 12:00:00,ev_C,C,15,
20170805015130,2017-08-05 01:51:30,2017-08-05 12:00:00,ev_C,C,19,
20170805015140,2017-08-05 01:51:40,2017-08-05 12:00:00,ev_C,C,15,
20170805015150,2017-08-05 01:51:50,2017-08-05 12:00:00,ev_C,C,5,
20170805015200,2017-08-05 01:52:00,2017-08-05 12:00:00,ev_C,C,1,
20170805015210,2017-08-05 01:52:10,2017-08-05 12:00:00,ev_C,C,6,
20170805015220,2017-08-05 01:52:20,2017-08-05 12:00:00,ev_K,K,5,
20170805015230,2017-08-05 01:52:30,2017-08-05 12:00:00,ev_K,K,4,
20170805015240,2017-08-05 01:52:40,2017-08-05 12:00:00,ev_C,C,7,
20170805015250,2017-08-05 01:52:50,2017-08-05 12:00:00,ev_C,C,4,
20170805015300,2017-08-05 01:53:00,2017-08-05 12:00:00,ev_C,C,16,
20170805015310,2017-08-05 01:53:10,2017-08-05 12:00:00,ev_C,C,14,
20170805015320,2017-08-05 01:53:20,2017-08-05 12:00:00,ev_C,C,4,
20170805015330,2017-08-05 01:53:30,2017-08-05 12:00:00,ev_C,C,14,
20170805015340,2017-08-05 01:53:40,2017-08-05 12:00:00,ev_C,C,16,
20170805015350,2017-08-05 01:53:50,2017-08-05 12:00:00,ev_N,K,3,
20170805015400,2017-08-05 01:54:00,2017-08-05 12:00:00,ev_K,K,5,
20170805015410,2017-08-05 01:54:10,2017-08-05 12:00:00,ev_K,K,4,
20170805015420,2017-08-05 01:54:20,2017-08-05 12:00:00,ev_K,K,1,
20170805015430,2017-08-05 01:54:30,2017-08-05 12:00:00,ev_N,K,5,
20170805015440,2017-08-05 01:54:40,2017-08-05 12:00:00,ev_C,C,14,
20170805015450,2017-08-05 01:54:50,2017-08-05 12:00:00,ev_K,K,2,
20170805015500,2017-08-05 01:55:00,2017-08-05 12:00:00,ev_K,K,1,
20170805015510,2017-08-05 01:55:10,2017-08-05 12:00:00,ev_N,K,1,
20170805015520,2017-08-05 01:55:20,2017-08-05 12:00:00,ev_K,K,5,
20170805015530,2017-08-05 01:55:30,2017-08-05 12:00:00,ev_N,K,4,
20170805015540,2017-08-05 01:55:40,2017-08-05 12:00:00,ev_C,C,10,
20170805015550,2017-08-05 01:55:50,2017-08-05 12:00:00,ev_C,C,15,
20170805015600,2017-08-05 01:56:00,2017-08-05 12:00:00,ev_C,C,6,
20170805015610,2017-08-05 01:56:10,2017-08-05 12:00:00,ev_N,K,3,
20170805015620,2017-08-05 01:56:20,2017-08-05 12:00:00,ev_C,C,12,
20170805015630,2017-08-05 01:56:30,2017-08-05 12:00:00,ev_C,C,8,
20170805015640,2017-08-05 01:56:40,2017-08-05 12:00:00,ev_K,K,2,
20170805015650,2017-08-05 01:56:50,2017-08-05 12:00:00,ev_C,C,10,
20170805015700,2017-08-05 01:57:00,2017-08-05 12:00:00,ev_C,C,20,
20170805015710,2017-08-05 01:57:10,2017-08-05 12:00:00,ev_C,C,4,
20170805015720,2017-08-05 01:57:20,2017-08-05 12:00:00,ev_C,C,20,
20170805015730,2017-08-05 01:57:30,2017-08-05 12:00:00,ev_C,C,17,
20170805015740,2017-08-05 01:57:40,2017-08-05 12:00:00,ev_C,C,4,
20170805015750,2017-08-05 01:57:50,2017-08-05 12:00:00,ev_K,K,4,
20170805015800,2017-08-05 01:58:00,2017-08-05 12:00:00,ev_C,C,10,
20170805015810,2017-08-05 01:58:10,2017-08-05 12:00:00,ev_K,K,1,
20170805015820,2017-08-05 01:58:20,2017-08-05 12:00:00,ev_C,C,4,
20170805015830,2017-08-05 01:58:30,2017-08-05 12:00:00,ev_C,C,1,
20170805015840,2017-08-05 01:58:40,2017-08-05 12:00:00,ev_C,C,13,
20170805015850,2017-08-05 01:58:50,2017-08-05 12:00:00,ev_C,C,15,
20170805015900,2017-08-05 01:59:00,2017-08-05 12:00:00,ev_C,C,3,
20170805015910,2017-08-05 01:59:10,2017-08-05 12:00:00,ev_C,C,4,
20170805015920,2017-08-05 01:59:20,2017-08-05 12:00:00,ev_K,K,3,
20170805015930,2017-08-05 01:59:30,2017-08-05 12:00:00,ev_C,C,9,
20170805015940,2017-08-05 01:59:40,2017-08-05 12:00:00,ev_N,K,1,
20170805015950,2017-08-05 01:59:50,2017-08-05 12:00:00,ev_C,C,20,
20170805020000,2017-08-05 02:00:00,2017-08-05 12:00:00,ev_C,C,1,
20170805020010,2017-08-05 02:00:10,2017-08-05 12:00:00,ev_K,K,2,
20170805020020,2017-08-05 02:00:20,2017-08-05 12:00:00,ev_C,C,5,
20170805020030,2017-08-05 02:00:30,2017-08-05 12:00:00,ev_C,C,1,
20170805020040,2017-08-05 02:00:40,2017-08-05 12:00:00,ev_C,C,3,
20170805020050,2017-08-05 02:00:50,2017-08-05 12:00:00,ev_K,K,3,
20170805020100,2017-08-05 02:01:00,2017-08-05 12:00:00,ev_C,C,16,
20170805020110,2017-08-05 02:01:10,2017-08-05 12:00:00,ev_C,C,9,
20170805020120,2017-08-05 02:01:20,2017-08-05 12:00:00,ev_N,K,1,
20170805020130,2017-08-05 02:01:30,2017-08-05 12:00:00,ev_C,C,14,
20170805020140,2017-08-05 02:01:40,2017-08-05 12:00:00,ev_C,C,18,
20170805020150,2017-08-05 02:01:50,2017-08-05 12:00:00,ev_C,C,3,
20170805020200,2017-08-05 02:02:00,2017-08-05 12:00:00,ev_K,K,5,
20170805020210,2017-08-05 02:02:10,2017-08-05 12:00:00,ev_C,C,4,
20170805020220,2017-08-05 02:02:20,2017-08-05 12:00:00,ev_C,C,5,
20170805020230,2017-08-05 02:02:30,2017-08-05 12:00:00,ev_K,K,3,
20170805020240,2017-08-05 02:02:40,2017-08-05 12:00:00,ev_K,K,1,
20170805020250,2017-08-05 02:02:50,2017-08-05 12:00:00,ev_C,C,4,
20170805020300,2017-08-05 02:03:00,2017-08-05 12:00:00,ev_C,C,19,
20170805020310,2017-08-05 02:03:10,2017-08-05 12:00:00,ev_C,C,5,
20170805020320,2017-08-05 02:03:20,2017-08-05 12:00:00,ev_C,C,1,
20170805020330,2017-08-05 02:03:30,2017-08-05 12:00:00,ev_K,K,4,
20170805020340,2017-08-05 02:03:40,2017-08-05 12:00:00,ev_C,C,14,
20170805020350,2017-08-05 02:03:50,2017-08-05 12:00:00,ev_N,K,5,
20170805020400,2017-08-05 02:04:00,2017-08-05 12:00:00,ev_C,C,19,
20170805020410,2017-08-05 02:04:10,2017-08-05 12:00:00,ev_C,C,11,
20170805020420,2017-08-05 02:04:20,2017-08-05 12:00:00,ev_C,C,11,
20170805020430,2017-08-05 02:04:30,2017-08-05 12:00:00,ev_C,C,18,
20170805020440,2017-08-05 02:04:40,2017-08-05 12:00:00,ev_C,C,11,
20170805020450,2017-08-05 02:04:50,2017-08-05 12:00:00,ev_C,C,20,
20170805020500,2017-08-05 02:05:00,2017-08-05 12:00:00,ev_K,K,1,
20170805020510,2017-08-05 02:05:10,2017-08-05 12:00:00,ev_C,C,17,
20170805020520,2017-08-05 02:05:20,2017-08-05 12:00:00,ev_C,C,4,
20170805020530,2017-08-05 02:05:30,2017-08-05 12:00:00,ev_C,C,11,
20170805020540,2017-08-05 02:05:40,2017-08-05 12:00:00,ev_C,C,10,
20170805020550,2017-08-05 02:05:50,2017-08-05 12:00:00,ev_C,C,8,
20170805020600,2017-08-05 02:06:00,2017-08-05 12:00:00,ev_C,C,11,
20170805020610,2017-08-05 02:06:10,2017-08-05 12:00:00,ev_C,C,2,
20170805020620,2017-08-05 02:06:20,2017-08-05 12:00:00,ev_K,K,1,
20170805020630,2017-08-05 02:06:30,2017-08-05 12:00:00,ev_K,K,5,
20170805020640,2017-08-05 02:06:40,2017-08-05 12:00:00,ev_C,C,19,
20170805020650,2017-08-05 02:06:50,2017-08-05 12:00:00,ev_C,C,10,
20170805020700,2017-08-05 02:07:00,2017-08-05 12:00:00,ev_C,C,2,
20170805020710,2017-08-05 02:07:10,2017-08-05 12:00:00,ev_C,C,2,
20170805020720,2017-08-05 02:07:20,2017-08-05 12:00:00,ev_C,C,12,
20170805020730,2017-08-05 02:07:30,2017-08-05 12:00:00,ev_K,K,2,
20170805020740,2017-08-05 02:07:40,2017-08-05 12:00:00,ev_C,C,7,
20170805020750,2017-08-05 02:07:50,2017-08-05 12:00:00,ev_C,C,1,
20170805020800,2017-08-05 02:08:00,2017-08-05 12:00:00,ev_K,K,5,
20170805020810,2017-08-05 02:08:10,2017-08-05 12:00:00,ev_C,C,16,
20170805020820,2017-08-05 02:08:20,2017-08-05 12:00:00,ev_K,K,1,
20170805020830,2017-08-05 02:08:30,2017-08-05 12:00:00,ev_C,C,5,
20170805020840,2017-08-05 02:08:40,2017-08-05 12:00:00,ev_C,C,9,
20170805020850,2017-08-05 02:08:50,2017-08-05 12:00:00,ev_K,K,2,
20170805020900,2017-08-05 02:09:00,2017-08-05 12:00:00,ev_C,C,4,
20170805020910,2017-08-05 02:09:10,2017-08-05 12:00:00,ev_N,K,1,
20170805020920,2017-08-05 02:09:20,2017-08-05 12:00:00,ev_C,C,4,
20170805020930,2017-08-05 02:09:30,2017-08-05 12:00:00,ev_C,C,13,
20170805020940,2017-08-05 02:09:40,2017-08-05 12:00:00,ev_C,C,16,
20170805020950,2017-08-05 02:09:50,2017-08-05 12:00:00,ev_C,C,11,
20170805021000,2017-08-05 02:10:00,2017-08-05 12:00:00,ev_C,C,13,
20170805021010,2017-08-05 02:10:10,2017-08-05 12:00:00,ev_N,K,5,
20170805021020,2017-08-05 02:10:20,2017-08-05 12:00:00,ev_C,C,6,
20170805021030,2017-08-05 02:10:30,2017-08-05 12:00:00,ev_C,C,5,
20170805021040,2017-08-05 02:10:40,2017-08-05 12:00:00,ev_K,K,5,
20170805021050,2017-08-05 02:10:50,2017-08-05 12:00:00,ev_K,K,5,
20170805021100,2017-08-05 02:11:00,2017-08-05 12:00:00,ev_N,K,1,
20170805021110,2017-08-05 02:11:10,2017-08-05 12:00:00,ev_C,C,11,
20170805021120,2017-08-05 02:11:20,2017-08-05 12:00:00,ev_C,C,12,
20170805021130,2017-08-05 02:11:30,2017-08-05 12:00:00,ev_C,C,19,
20170805021140,2017-08-05 02:11:40,2017-08-05 12:00:00,ev_K,K,1,
20170805021150,2017-08-05 02:11:50,2017-08-05 12:00:00,ev_C,C,5,
20170805021200,2017-08-05 02:12:00,2017-08-05 12:00:00,ev_C,C,9,
20170805021210,2017-08-05 02:12:10,2017-08-05 12:00:00,ev_K,K,2,
20170805021220,2017-08-05 02:12:20,2017-08-05 12:00:00,ev_N,K,1,
20170805021230,2017-08-05 02:12:30,2017-08-05 12:00:00,ev_C,C,17,
20170805021240,2017-08-05 02:12:40,2017-08-05 12:00:00,ev_K,K,1,
20170805021250,2017-08-05 02:12:50,2017-08-05 12:00:00,ev_C,C,14,
20170805021300,2017-08-05 02:13:00,2017-08-05 12:00:00,ev_C,C,17,
20170805021310,2017-08-05 02:13:10,2017-08-05 12:00:00,ev_C,C,5,
20170805021320,2017-08-05 02:13:20,2017-08-05 12:00:00,ev_C,C,19,
20170805021330,2017-08-05 02:13:30,2017-08-05 12:00:00,ev_K,K,5,
20170805021340,2017-08-05 02:13:40,2017-08-05 12:00:00,ev_K,K,4,
20170805021350,2017-08-05 02:13:50,2017-08-05 12:00:00,ev_N,K,5,
20170805021400,2017-08-05 02:14:00,2017-08-05 12:00:00,ev_N,K,4,
20170805021410,2017-08-05 02:14:10,2017-08-05 12:00:00,ev_C,C,10,
20170805021420,2017-08-05 02:14:20,2017-08-05 12:00:00,ev_C,C,3,
20170805021430,2017-08-05 02:14:30,2017-08-05 12:00:00,ev_C,C,4,
20170805021440,2017-08-05 02:14:40,2017-08-05 12:00:00,ev_N,K,4,
20170805021450,2017-08-05 02:14:50,2017-08-05 12:00:00,ev_C,C,15,
20170805021500,2017-08-05 02:15:00,2017-08-05 12:00:00,ev_C,C,1,
20170805021510,2017-08-05 02:15:10,2017-08-05 12:00:00,ev_C,C,3,
20170805021520,2017-08-05 02:15:20,2017-08-05 12:00:00,ev_C,C,9,
20170805021530,2017-08-05 02:15:30,2017-08-05 12:00:00,ev_K,K,5,
20170805021540,2017-08-05 02:15:40,2017-08-05 12:00:00,ev_C,C,18,
20170805021550,2017-08-05 02:15:50,2017-08-05 12:00:00,ev_C,C,1,
20170805021600,2017-08-05 02:16:00,2017-08-05 12:00:00,ev_K,K,2,
20170805021610,2017-08-05 02:16:10,2017-08-05 12:00:00,ev_C,C,3,
20170805021620,2017-08-05 02:16:20,2017-08-05 12:00:00,ev_K,K,1,
20170805021630,2017-08-05 02:16:30,2017-08-05 12:00:00,ev_C,C,9,
20170805021640,2017-08-05 02:16:40,2017-08-05 12:00:00,ev_C,C,20,
20170805021650,2017-08-05 02:16:50,2017-08-05 12:00:00,ev_C,C,17,
20170805021700,2017-08-05 02:17:00,2017-08-05 12:00:00,ev_C,C,8,
20170805021710,2017-08-05 02:17:10,2017-08-05 12:00:00,ev_C,C,7,
20170805021720,2017-08-05 02:17:20,2017-08-05 12:00:00,ev_K,K,4,
20170805021730,2017-08-05 02:17:30,2017-08-05 12:00:00,ev_C,C,3,
20170805021740,2017-08-05 02:17:40,2017-08-05 12:00:00,ev_C,C,18,
20170805021750,2017-08-05 02:17:50,2017-08-05 12:00:00,ev_K,K,1,
20170805021800,2017-08-05 02:18:00,2017-08-05 12:00:00,ev_K,K,5,
20170805021810,2017-08-05 02:18:10,2017-08-05 12:00:00,ev_N,K,3,
20170805021820,2017-08-05 02:18:20,2017-08-05 12:00:00,ev_C,C,16,
20170805021830,2017-08-05 02:18:30,2017-08-05 12:00:00,ev_C,C,14,
20170805021840,2017-08-05 02:18:40,2017-08-05 12:00:00,ev_C,C,17,
20170805021850,2017-08-05 02:18:50,2017-08-05 12:00:00,ev_C,C,12,
20170805021900,2017-08-05 02:19:00,2017-08-05 12:00:00,ev_C,C,2,
20170805021910,2017-08-05 02:19:10,2017-08-05 12:00:00,ev_C,C,1,
20170805021920,2017-08-05 02:19:20,2017-08-05 12:00:00,ev_C,C,11,
20170805021930,2017-08-05 02:19:30,2017-08-05 12:00:00,ev_K,K,5,
20170805021940,2017-08-05 02:19:40,2017-08-05 12:00:00,ev_C,C,11,
20170805021950,2017-08-05 02:19:50,2017-08-05 12:00:00,ev_C,C,20,
20170805022000,2017-08-05 02:20:00,2017-08-05 12:00:00,ev_C,C,9,
20170805022010,2017-08-05 02:20:10,2017-08-05 12:00:00,ev_K,K,4,
20170805022020,2017-08-05 02:20:20,2017-08-05 12:00:00,ev_C,C,20,
20170805022030,2017-08-05 02:20:30,2017-08-05 12:00:00,ev_C,C,2,
20170805022040,2017-08-05 02:20:40,2017-08-05 12:00:00,ev_C,C,11,
20170805022050,2017-08-05 02:20:50,2017-08-05 12:00:00,ev_N,K,1,
20170805022100,2017-08-05 02:21:00,2017-08-05 12:00:00,ev_K,K,2,
20170805022110,2017-08-05 02:21:10,2017-08-05 12:00:00,ev_C,C,10,
20170805022120,2017-08-05 02:21:20,2017-08-05 12:00:00,ev_K,K,5,
20170805022130,2017-08-05 02:21:30,2017-08-05 12:00:00,ev_C,C,16,
20170805022140,2017-08-05 02:21:40,2017-08-05 12:00:00,ev_C,C,14,
20170805022150,2017-08-05 02:21:50,2017-08-05 12:00:00,ev_C,C,11,
20170805022200,2017-08-05 02:22:00,2017-08-05 12:00:00,ev_C,C,14,
20170805022210,2017-08-05 02:22:10,2017-08-05 12:00:00,ev_N,K,2,
20170805022220,2017-08-05 02:22:20,2017-08-05 12:00:00,ev_C,C,7,
20170805022230,2017-08-05 02:22:30,2017-08-05 12:00:00,ev_C,C,13,
20170805022240,2017-08-05 02:22:40,2017-08-05 12:00:00,ev_C,C,12,
20170805022250,2017-08-05 02:22:50,2017-08-05 12:00:00,ev_K,K,1,
20170805022300,2017-08-05 02:23:00,2017-08-05 12:00:00,ev_C,C,12,
20170805022310,2017-08-05 02:23:10,2017-08-05 12:00:00,ev_C,C,8,
20170805022320,2017-08-05 02:23:20,2017-08-05 12:00:00,ev_C,C,9,
20170805022330,2017-08-05 02:23:30,2017-08-05 12:00:00,ev_K,K,2,
20170805022340,2017-08-05 02:23:40,2017-08-05 12:00:00,ev_K,K,2,
20170805022350,2017-08-05 02:23:50,2017-08-05 12:00:00,ev_C,C,4,
20170805022400,2017-08-05 02:24:00,2017-08-05 12:00:00,ev_C,C,11,
20170805022410,2017-08-05 02:24:10,2017-08-05 12:00:00,ev_C,C,7,
20170805022420,2017-08-05 02:24:20,2017-08-05 12:00:00,ev_K,K,3,
20170805022430,2017-08-05 02:24:30,2017-08-05 12:00:00,ev_K,K,5,
20170805022440,2017-08-05 02:24:40,2017-08-05 12:00:00,ev_K,K,4,
20170805022450,2017-08-05 02:24:50,2017-08-05 12:00:00,ev_K,K,2,
20170805022500,2017-08-05 02:25:00,2017-08-05 12:00:00,ev_K,K,3,
20170805022510,2017-08-05 02:25:10,2017-08-05 12:00:00,ev_C,C,9,
20170805022520,2017-08-05 02:25:20,2017-08-05 12:00:00,ev_K,K,2,
20170805022530,2017-08-05 02:25:30,2017-08-05 12:00:00,ev_C,C,19,
20170805022540,2017-08-05 02:25:40,2017-08-05 12:00:00,ev_K,K,5,
20170805022550,2017-08-05 02:25:50,2017-08-05 12:00:00,ev_C,C,18,
20170805022600,2017-08-05 02:26:00,2017-08-05 12:00:00,ev_C,C,13,
20170805022610,2017-08-05 02:26:10,2017-08-05 12:00:00,ev_C,C,14,
20170805022620,2017-08-05 02:26:20,2017-08-05 12:00:00,ev_K,K,1,
20170805022630,2017-08-05 02:26:30,2017-08-05 12:00:00,ev_C,C,18,
20170805022640,2017-08-05 02:26:40,2017-08-05 12:00:00,ev_C,C,15,
20170805022650,2017-08-05 02:26:50,2017-08-05 12:00:00,ev_K,K,1,
20170805022700,2017-08-05 02:27:00,2017-08-05 12:00:00,ev_C,C,17,
20170805022710,2017-08-05 02:27:10,2017-08-05 12:00:00,ev_C,C,19,
20170805022720,2017-08-05 02:27:20,2017-08-05 12:00:00,ev_C,C,7,
20170805022730,2017-08-05 02:27:30,2017-08-05 12:00:00,ev_C,C,20,
20170805022740,2017-08-05 02:27:40,2017-08-05 12:00:00,ev_K,K,4,
20170805022750,2017-08-05 02:27:50,2017-08-05 12:00:00,ev_C,C,9,
20170805022800,2017-08-05 02:28:00,2017-08-05 12:00:00,ev_C,C,11,
20170805022810,2017-08-05 02:28:10,2017-08-05 12:00:00,ev_K,K,3,
20170805022820,2017-08-05 02:28:20,2017-08-05 12:00:00,ev_K,K,4,
20170805022830,2017-08-05 02:28:30,2017-08-05 12:00:00,ev_N,K,3,
20170805022840,2017-08-05 02:28:40,2017-08-05 12:00:00,ev_C,C,17,
20170805022850,2017-08-05 02:28:50,2017-08-05 12:00:00,ev_C,C,17,
20170805022900,2017-08-05 02:29:00,2017-08-05 12:00:00,ev_K,K,4,
20170805022910,2017-08-05 02:29:10,2017-08-05 12:00:00,ev_C,C,19,
20170805022920,2017-08-05 02:29:20,2017-08-05 12:00:00,ev_C,C,17,
20170805022930,2017-08-05 02:29:30,2017-08-05 12:00:00,ev_C,C,4,
20170805022940,2017-08-05 02:29:40,2017-08-05 12:00:00,ev_C,C,18,
20170805022950,2017-08-05 02:29:50,2017-08-05 12:00:00,ev_C,C,6,
20170805023000,2017-08-05 02:30:00,2017-08-05 12:00:00,ev_C,C,19,
20170805023010,2017-08-05 02:30:10,2017-08-05 12:00:00,ev_C,C,17,
20170805023020,2017-08-05 02:30:20,2017-08-05 12:00:00,ev_K,K,4,
20170805023030,2017-08-05 02:30:30,2017-08-05 12:00:00,ev_C,C,8,
20170805023040,2017-08-05 02:30:40,2017-08-05 12:00:00,ev_C,C,2,
20170805023050,2017-08-05 02:30:50,2017-08-05 12:00:00,ev_C,C,13,
20170805023100,2017-08-05 02:31:00,2017-08-05 12:00:00,ev_N,K,1,
20170805023110,2017-08-05 02:31:10,2017-08-05 12:00:00,ev_C,C,3,
20170805023120,2017-08-05 02:31:20,2017-08-05 12:00:00,ev_C,C,1,
20170805023130,2017-08-05 02:31:30,2017-08-05 12:00:00,ev_K,K,5,
20170805023140,2017-08-05 02:31:40,2017-08-05 12:00:00,ev_C,C,4,
20170805023150,2017-08-05 02:31:50,2017-08-05 12:00:00,ev_C,C,17,
20170805023200,2017-08-05 02:32:00,2017-08-05 12:00:00,ev_C,C,17,
20170805023210,2017-08-05 02:32:10,2017-08-05 12:00:00,ev_C,C,4,
20170805023220,2017-08-05 02:32:20,2017-08-05 12:00:00,ev_C,C,16,
20170805023230,2017-08-05 02:32:30,2017-08-05 12:00:00,ev_C,C,17,
20170805023240,2017-08-05 02:32:40,2017-08-05 12:00:00,ev_C,C,15,
20170805023250,2017-08-05 02:32:50,2017-08-05 12:00:00,ev_C,C,12,
20170805023300,2017-08-05 02:33:00,2017-08-05 12:00:00,ev_C,C,8,
20170805023310,2017-08-05 02:33:10,2017-08-05 12:00:00,ev_K,K,5,
20170805023320,2017-08-05 02:33:20,2017-08-05 12:00:00,ev_C,C,13,
20170805023330,2017-08-05 02:33:30,2017-08-05 12:00:00,ev_K,K,5,
20170805023340,2017-08-05 02:33:40,2017-08-05 12:00:00,ev_C,C,11,
20170805023350,2017-08-05 02:33:50,2017-08-05 12:00:00,ev_C,C,3,
20170805023400,2017-08-05 02:34:00,2017-08-05 12:00:00,ev_C,C,3,
20170805023410,2017-08-05 02:34:10,2017-08-05 12:00:00,ev_K,K,3,
20170805023420,2017-08-05 02:34:20,2017-08-05 12:00:00,ev_C,C,11,
20170805023430,2017-08-05 02:34:30,2017-08-05 12:00:00,ev_C,C,16,
20170805023440,2017-08-05 02:34:40,2017-08-05 12:00:00,ev_C,C,11,
20170805023450,2017-08-05 02:34:50,2017-08-05 12:00:00,ev_C,C,1,
20170805023500,2017-08-05 02:35:00,2017-08-05 12:00:00,ev_C,C,19,
20170805023510,2017-08-05 02:35:10,2017-08-05 12:00:00,ev_C,C,16,
20170805023520,2017-08-05 02:35:20,2017-08-05 12:00:00,ev_K,K,1,
20170805023530,2017-08-05 02:35:30,2017-08-05 12:00:00,ev_C,C,7,
20170805023540,2017-08-05 02:35:40,2017-08-05 12:00:00,ev_C,C,13,
20170805023550,2017-08-05 02:35:50,2017-08-05 12:00:00,ev_C,C,3,
20170805023600,2017-08-05 02:36:00,2017-08-05 12:00:00,ev_C,C,16,
20170805023610,2017-08-05 02:36:10,2017-08-05 12:00:00,ev_N,K,1,
20170805023620,2017-08-05 02:36:20,2017-08-05 12:00:00,ev_K,K,2,
20170805023630,2017-08-05 02:36:30,2017-08-05 12:00:00,ev_C,C,5,
20170805023640,2017-08-05 02:36:40,2017-08-05 12:00:00,ev_K,K,2,
20170805023650,2017-08-05 02:36:50,2017-08-05 12:00:00,ev_C,C,3,
20170805023700,2017-08-05 02:37:00,2017-08-05 12:00:00,ev_C,C,4,
20170805023710,2017-08-05 02:37:10,2017-08-05 12:00:00,ev_N,K,1,
20170805023720,2017-08-05 02:37:20,2017-08-05 12:00:00,ev_C,C,15,
20170805023730,2017-08-05 02:37:30,2017-08-05 12:00:00,ev_K,K,4,
20170805023740,2017-08-05 02:37:40,2017-08-05 12:00:00,ev_C,C,17,
20170805023750,2017-08-05 02:37:50,2017-08-05 12:00:00,ev_K,K,2,
20170805023800,2017-08-05 02:38:00,2017-08-05 12:00:00,ev_C,C,5,
20170805023810,2017-08-05 02:38:10,2017-08-05 12:00:00,ev_C,C,7,
20170805023820,2017-08-05 02:38:20,2017-08-05 12:00:00,ev_C,C,19,
20170805023830,2017-08-05 02:38:30,2017-08-05 12:00:00,ev_K,K,4,
20170805023840,2017-08-05 02:38:40,2017-08-05 12:00:00,ev_C,C,1,
20170805023850,2017-08-05 02:38:50,2017-08-05 12:00:00,ev_C,C,1,
20170805023900,2017-08-05 02:39:00,2017-08-05 12:00:00,ev_C,C,17,
20170805023910,2017-08-05 02:39:10,2017-08-05 12:00:00,ev_C,C,8,
20170805023920,2017-08-05 02:39:20,2017-08-05 12:00:00,ev_K,K,1,
20170805023930,2017-08-05 02:39:30,2017-08-05 12:00:00,ev_C,C,1,
20170805023940,2017-08-05 02:39:40,2017-08-05 12:00:00,ev_C,C,9,
20170805023950,2017-08-05 02:39:50,2017-08-05 12:00:00,ev_C,C,3,
20170805024000,2017-08-05 02:40:00,2017-08-05 12:00:00,ev_C,C,7,
20170805024010,2017-08-05 02:40:10,2017-08-05 12:00:00,ev_C,C,4,
20170805024020,2017-08-05 02:40:20,2017-08-05 12:00:00,ev_K,K,1,
20170805024030,2017-08-05 02:40:30,2017-08-05 12:00:00,ev_C,C,11,
20170805024040,2017-08-05 02:40:40,2017-08-05 12:00:00,ev_C,C,7,
20170805024050,2017-08-05 02:40:50,2017-08-05 12:00:00,ev_C,C,5,
20170805024100,2017-08-05 02:41:00,2017-08-05 12:00:00,ev_C,C,9,
20170805024110,2017-08-05 02:41:10,2017-08-05 12:00:00,ev_K,K,2,
20170805024120,2017-08-05 02:41:20,2017-08-05 12:00:00,ev_K,K,1,
20170805024130,2017-08-05 02:41:30,2017-08-05 12:00:00,ev_C,C,10,
20170805024140,2017-08-05 02:41:40,2017-08-05 12:00:00,ev_C,C,14,
20170805024150,2017-08-05 02:41:50,2017-08-05 12:00:00,ev_C,C,19,
20170805024200,2017-08-05 02:42:00,2017-08-05 12:00:00,ev_K,K,2,
20170805024210,2017-08-05 02:42:10,2017-08-05 12:00:00,ev_K,K,4,
20170805024220,2017-08-05 02:42:20,2017-08-05 12:00:00,ev_C,C,10,
20170805024230,2017-08-05 02:42:30,2017-08-05 12:00:00,ev_C,C,19,
20170805024240,2017-08-05 02:42:40,2017-08-05 12:00:00,ev_C,C,4,
20170805024250,2017-08-05 02:42:50,2017-08-05 12:00:00,ev_C,C,3,
20170805024300,2017-08-05 02:43:00,2017-08-05 12:00:00,ev_C,C,13,
20170805024310,2017-08-05 02:43:10,2017-08-05 12:00:00,ev_C,C,10,
20170805024320,2017-08-05 02:43:20,2017-08-05 12:00:00,ev_C,C,13,
20170805024330,2017-08-05 02:43:30,2017-08-05 12:00:00,ev_C,C,19,
20170805024340,2017-08-05 02:43:40,2017-08-05 12:00:00,ev_K,K,4,
20170805024350,2017-08-05 02:43:50,2017-08-05 12:00:00,ev_C,C,5,
20170805024400,2017-08-05 02:44:00,2017-08-05 12:00:00,ev_C,C,16,
20170805024410,2017-08-05 02:44:10,2017-08-05 12:00:00,ev_K,K,5,
20170805024420,2017-08-05 02:44:20,2017-08-05 12:00:00,ev_K,K,4,
20170805024430,2017-08-05 02:44:30,2017-08-05 12:00:00,ev_C,C,8,
20170805024440,2017-08-05 02:44:40,2017-08-05 12:00:00,ev_C,C,2,
20170805024450,2017-08-05 02:44:50,2017-08-05 12:00:00,ev_C,C,19,
20170805024500,2017-08-05 02:45:00,2017-08-05 12:00:00,ev_C,C,14,
20170805024510,2017-08-05 02:45:10,2017-08-05 12:00:00,ev_C,C,6,
20170805024520,2017-08-05 02:45:20,2017-08-05 12:00:00,ev_C,C,6,
20170805024530,2017-08-05 02:45:30,2017-08-05 12:00:00,ev_C,C,7,
20170805024540,2017-08-05 02:45:40,2017-08-05 12:00:00,ev_C,C,4,
20170805024550,2017-08-05 02:45:50,2017-08-05 12:00:00,ev_C,C,13,
20170805024600,2017-08-05 02:46:00,2017-08-05 12:00:00,ev_C,C,1,
20170805024610,2017-08-05 02:46:10,2017-08-05 12:00:00,ev_K,K,4,
20170805024620,2017-08-05 02:46:20,2017-08-05 12:00:00,ev_C,C,19,
20170805024630,2017-08-05 02:46:30,2017-08-05 12:00:00,ev_K,K,4,
20170805024640,2017-08-05 02:46:40,2017-08-05 12:00:00,ev_C,C,12,
20170805024650,2017-08-05 02:46:50,2017-08-05 12:00:00,ev_C,C,13,
20170805024700,2017-08-05 02:47:00,2017-08-05 12:00:00,ev_C,C,1,
20170805024710,2017-08-05 02:47:10,2017-08-05 12:00:00,ev_K,K,3,
20170805024720,2017-08-05 02:47:20,2017-08-05 12:00:00,ev_C,C,6,
20170805024730,2017-08-05 02:47:30,2017-08-05 12:00:00,ev_C,C,10,
20170805024740,2017-08-05 02:47:40,2017-08-05 12:00:00,ev_C,C,18,
20170805024750,2017-08-05 02:47:50,2017-08-05 12:00:00,ev_C,C,20,
20170805024800,2017-08-05 02:48:00,2017-08-05 12:00:00,ev_C,C,19,
20170805024810,2017-08-05 02:48:10,2017-08-05 12:00:00,ev_K,K,1,
20170805024820,2017-08-05 02:48:20,2017-08-05 12:00:00,ev_N,K,1,
20170805024830,2017-08-05 02:48:30,2017-08-05 12:00:00,ev_C,C,13,
20170805024840,2017-08-05 02:48:40,2017-08-05 12:00:00,ev_C,C,6,
20170805024850,2017-08-05 02:48:50,2017-08-05 12:00:00,ev_C,C,10,
20170805024900,2017-08-05 02:49:00,2017-08-05 12:00:00,ev_N,K,5,
20170805024910,2017-08-05 02:49:10,2017-08-05 12:00:00,ev_C,C,4,
20170805024920,2017-08-05 02:49:20,2017-08-05 12:00:00,ev_N,K,4,
20170805024930,2017-08-05 02:49:30,2017-08-05 12:00:00,ev_K,K,1,
20170805024940,2017-08-05 02:49:40,2017-08-05 12:00:00,ev_C,C,17,
20170805024950,2017-08-05 02:49:50,2017-08-05 12:00:00,ev_K,K,4,
20170805025000,2017-08-05 02:50:00,2017-08-05 12:00:00,ev_K,K,5,
20170805025010,2017-08-05 02:50:10,2017-08-05 12:00:00,ev_C,C,10,
20170805025020,2017-08-05 02:50:20,2017-08-05 12:00:00,ev_N,K,5,
20170805025030,2017-08-05 02:50:30,2017-08-05 12:00:00,ev_K,K,4,
20170805025040,2017-08-05 02:50:40,2017-08-05 12:00:00,ev_C,C,16,
20170805025050,2017-08-05 02:50:50,2017-08-05 12:00:00,ev_C,C,8,
20170805025100,2017-08-05 02:51:00,2017-08-05 12:00:00,ev_K,K,1,
20170805025110,2017-08-05 02:51:10,2017-08-05 12:00:00,ev_C,C,2,
20170805025120,2017-08-05 02:51:20,2017-08-05 12:00:00,ev_C,C,15,
20170805025130,2017-08-05 02:51:30,2017-08-05 12:00:00,ev_C,C,20,
20170805025140,2017-08-05 02:51:40,2017-08-05 12:00:00,ev_C,C,20,
20170805025150,2017-08-05 02:51:50,2017-08-05 12:00:00,ev_C,C,15,
20170805025200,2017-08-05 02:52:00,2017-08-05 12:00:00,ev_K,K,2,
20170805025210,2017-08-05 02:52:10,2017-08-05 12:00:00,ev_C,C,11,
20170805025220,2017-08-05 02:52:20,2017-08-05 12:00:00,ev_C,C,16,
20170805025230,2017-08-05 02:52:30,2017-08-05 12:00:00,ev_C,C,8,
20170805025240,2017-08-05 02:52:40,2017-08-05 12:00:00,ev_C,C,3,
20170805025250,2017-08-05 02:52:50,2017-08-05 12:00:00,ev_K,K,3,
20170805025300,2017-08-05 02:53:00,2017-08-05 12:00:00,ev_C,C,16,
20170805025310,2017-08-05 02:53:10,2017-08-05 12:00:00,ev_C,C,20,
20170805025320,2017-08-05 02:53:20,2017-08-05 12:00:00,ev_N,K,3,
20170805025330,2017-08-05 02:53:30,2017-08-05 12:00:00,ev_C,C,18,
20170805025340,2017-08-05 02:53:40,2017-08-05 12:00:00,ev_C,C,13,
20170805025350,2017-08-05 02:53:50,2017-08-05 12:00:00,ev_K,K,4,
20170805025400,2017-08-05 02:54:00,2017-08-05 12:00:00,ev_N,K,3,
20170805025410,2017-08-05 02:54:10,2017-08-05 12:00:00,ev_C,C,14,
20170805025420,2017-08-05 02:54:20,2017-08-05 12:00:00,ev_C,C,3,
20170805025430,2017-08-05 02:54:30,2017-08-05 12:00:00,ev_C,C,5,
20170805025440,2017-08-05 02:54:40,2017-08-05 12:00:00,ev_K,K,3,
20170805025450,2017-08-05 02:54:50,2017-08-05 12:00:00,ev_C,C,20,
20170805025500,2017-08-05 02:55:00,2017-08-05 12:00:00,ev_K,K,4,
20170805025510,2017-08-05 02:55:10,2017-08-05 12:00:00,ev_N,K,1,
20170805025520,2017-08-05 02:55:20,2017-08-05 12:00:00,ev_C,C,8,
20170805025530,2017-08-05 02:55:30,2017-08-05 12:00:00,ev_K,K,2,
20170805025540,2017-08-05 02:55:40,2017-08-05 12:00:00,ev_C,C,2,
20170805025550,2017-08-05 02:55:50,2017-08-05 12:00:00,ev_C,C,20,
20170805025600,2017-08-05 02:56:00,2017-08-05 12:00:00,ev_K,K,1,
20170805025610,2017-08-05 02:56:10,2017-08-05 12:00:00,ev_C,C,10,
20170805025620,2017-08-05 02:56:20,2017-08-05 12:00:00,ev_C,C,7,
20170805025630,2017-08-05 02:56:30,2017-08-05 12:00:00,ev_C,C,14,
20170805025640,2017-08-05 02:56:40,2017-08-05 12:00:00,ev_K,K,1,
20170805025650,2017-08-05 02:56:50,2017-08-05 12:00:00,ev_K,K,4,
20170805025700,2017-08-05 02:57:00,2017-08-05 12:00:00,ev_C,C,3,
20170805025710,2017-08-05 02:57:10,2017-08-05 12:00:00,ev_C,C,8,
20170805025720,2017-08-05 02:57:20,2017-08-05 12:00:00,ev_C,C,11,
20170805025730,2017-08-05 02:57:30,2017-08-05 12:00:00,ev_C,C,7,
20170805025740,2017-08-05 02:57:40,2017-08-05 12:00:00,ev_N,K,5,
20170805025750,2017-08-05 02:57:50,2017-08-05 12:00:00,ev_C,C,7,
20170805025800,2017-08-05 02:58:00,2017-08-05 12:00:00,ev_C,C,3,
20170805025810,2017-08-05 02:58:10,2017-08-05 12:00:00,ev_K,K,3,
20170805025820,2017-08-05 02:58:20,2017-08-05 12:00:00,ev_K,K,3,
20170805025830,2017-08-05 02:58:30,2017-08-05 12:00:00,ev_K,K,2,
20170805025840,2017-08-05 02:58:40,2017-08-05 12:00:00,ev_K,K,3,
20170805025850,2017-08-05 02:58:50,2017-08-05 12:00:00,ev_C,C,5,
20170805025900,2017-08-05 02:59:00,2017-08-05 12:00:00,ev_C,C,13,
20170805025910,2017-08-05 02:59:10,2017-08-05 12:00:00,ev_C,C,18,
20170805025920,2017-08-05 02:59:20,2017-08-05 12:00:00,ev_C,C,8,
20170805025930,2017-08-05 02:59:30,2017-08-05 12:00:00,ev_K,K,2,
20170805025940,2017-08-05 02:59:40,2017-08-05 12:00:00,ev_C,C,17,
20170805025950,2017-08-05 02:59:50,2017-08-05 12:00:00,ev_C,C,13,
20170805030000,2017-08-05 03:00:00,2017-08-05 12:00:00,ev_C,C,4,
20170805030010,2017-08-05 03:00:10,2017-08-05 12:00:00,ev_N,K,4,
20170805030020,2017-08-05 03:00:20,2017-08-05 12:00:00,ev_K,K,5,
20170805030030,2017-08-05 03:00:30,2017-08-05 12:00:00,ev_C,C,20,
20170805030040,2017-08-05 03:00:40,2017-08-05 12:00:00,ev_C,C,13,
20170805030050,2017-08-05 03:00:50,2017-08-05 12:00:00,ev_C,C,15,
20170805030100,2017-08-05 03:01:00,2017-08-05 12:00:00,ev_K,K,1,
20170805030110,2017-08-05 03:01:10,2017-08-05 12:00:00,ev_C,C,4,
20170805030120,2017-08-05 03:01:20,2017-08-05 12:00:00,ev_C,C,20,
20170805030130,2017-08-05 03:01:30,2017-08-05 12:00:00,ev_K,K,3,
20170805030140,2017-08-05 03:01:40,2017-08-05 12:00:00,ev_C,C,2,
20170805030150,2017-08-05 03:01:50,2017-08-05 12:00:00,ev_C,C,7,
20170805030200,2017-08-05 03:02:00,2017-08-05 12:00:00,ev_C,C,3,
20170805030210,2017-08-05 03:02:10,2017-08-05 12:00:00,ev_C,C,12,
20170805030220,2017-08-05 03:02:20,2017-08-05 12:00:00,ev_C,C,13,
20170805030230,2017-08-05 03:02:30,2017-08-05 12:00:00,ev_C,C,10,
20170805030240,2017-08-05 03:02:40,2017-08-05 12:00:00,ev_C,C,18,
20170805030250,2017-08-05 03:02:50,2017-08-05 12:00:00,ev_N,K,4,
20170805030300,2017-08-05 03:03:00,2017-08-05 12:00:00,ev_C,C,1,
20170805030310,2017-08-05 03:03:10,2017-08-05 12:00:00,ev_C,C,15,
20170805030320,2017-08-05 03:03:20,2017-08-05 12:00:00,ev_C,C,3,
20170805030330,2017-08-05 03:03:30,2017-08-05 12:00:00,ev_C,C,10,
20170805030340,2017-08-05 03:03:40,2017-08-05 12:00:00,ev_K,K,1,
20170805030350,2017-08-05 03:03:50,2017-08-05 12:00:00,ev_C,C,18,
20170805030400,2017-08-05 03:04:00,2017-08-05 12:00:00,ev_C,C,4,
20170805030410,2017-08-05 03:04:10,2017-08-05 12:00:00,ev_K,K,5,
20170805030420,2017-08-05 03:04:20,2017-08-05 12:00:00,ev_K,K,4,
20170805030430,2017-08-05 03:04:30,2017-08-05 12:00:00,ev_N,K,1,
20170805030440,2017-08-05 03:04:40,2017-08-05 12:00:00,ev_K,K,5,
20170805030450,2017-08-05 03:04:50,2017-08-05 12:00:00,ev_C,C,11,
20170805030500,2017-08-05 03:05:00,2017-08-05 12:00:00,ev_C,C,13,
20170805030510,2017-08-05 03:05:10,2017-08-05 12:00:00,ev_C,C,13,
20170805030520,2017-08-05 03:05:20,2017-08-05 12:00:00,ev_C,C,12,
20170805030530,2017-08-05 03:05:30,2017-08-05 12:00:00,ev_C,C,16,
20170805030540,2017-08-05 03:05:40,2017-08-05 12:00:00,ev_C,C,6,
20170805030550,2017-08-05 03:05:50,2017-08-05 12:00:00,ev_C,C,2,
20170805030600,2017-08-05 03:06:00,2017-08-05 12:00:00,ev_C,C,6,
20170805030610,2017-08-05 03:06:10,2017-08-05 12:00:00,ev_K,K,2,
20170805030620,2017-08-05 03:06:20,2017-08-05 12:00:00,ev_C,C,14,
20170805030630,2017-08-05 03:06:30,2017-08-05 12:00:00,ev_C,C,11,
20170805030640,2017-08-05 03:06:40,2017-08-05 12:00:00,ev_C,C,9,
20170805030650,2017-08-05 03:06:50,2017-08-05 12:00:00,ev_C,C,8,
20170805030700,2017-08-05 03:07:00,2017-08-05 12:00:00,ev_C,C,20,
20170805030710,2017-08-05 03:07:10,2017-08-05 12:00:00,ev_C,C,15,
20170805030720,2017-08-05 03:07:20,2017-08-05 12:00:00,ev_C,C,20,
20170805030730,2017-08-05 03:07:30,2017-08-05 12:00:00,ev_C,C,20,
20170805030740,2017-08-05 03:07:40,2017-08-05 12:00:00,ev_C,C,17,
20170805030750,2017-08-05 03:07:50,2017-08-05 12:00:00,ev_C,C,9,
20170805030800,2017-08-05 03:08:00,2017-08-05 12:00:00,ev_C,C,19,
20170805030810,2017-08-05 03:08:10,2017-08-05 12:00:00,ev_K,K,1,
20170805030820,2017-08-05 03:08:20,2017-08-05 12:00:00,ev_K,K,5,
20170805030830,2017-08-05 03:08:30,2017-08-05 12:00:00,ev_K,K,3,
20170805030840,2017-08-05 03:08:40,2017-08-05 12:00:00,ev_K,K,2,
20170805030850,2017-08-05 03:08:50,2017-08-05 12:00:00,ev_C,C,9,
20170805030900,2017-08-05 03:09:00,2017-08-05 12:00:00,ev_C,C,8,
20170805030910,2017-08-05 03:09:10,2017-08-05 12:00:00,ev_N,K,5,
20170805030920,2017-08-05 03:09:20,2017-08-05 12:00:00,ev_C,C,10,
20170805030930,2017-08-05 03:09:30,2017-08-05 12:00:00,ev_K,K,4,
20170805030940,2017-08-05 03:09:40,2017-08-05 12:00:00,ev_K,K,5,
20170805030950,2017-08-05 03:09:50,2017-08-05 12:00:00,ev_C,C,16,
20170805031000,2017-08-05 03:10:00,2017-08-05 12:00:00,ev_N,K,1,
20170805031010,2017-08-05 03:10:10,2017-08-05 12:00:00,ev_C,C,2,
20170805031020,2017-08-05 03:10:20,2017-08-05 12:00:00,ev_N,K,5,
20170805031030,2017-08-05 03:10:30,2017-08-05 12:00:00,ev_C,C,16,
20170805031040,2017-08-05 03:10:40,2017-08-05 12:00:00,ev_C,C,6,
20170805031050,2017-08-05 03:10:50,2017-08-05 12:00:00,ev_C,C,7,
20170805031100,2017-08-05 03:11:00,2017-08-05 12:00:00,ev_N,K,1,
20170805031110,2017-08-05 03:11:10,2017-08-05 12:00:00,ev_N,K,5,
20170805031120,2017-08-05 03:11:20,2017-08-05 12:00:00,ev_C,C,7,
20170805031130,2017-08-05 03:11:30,2017-08-05 12:00:00,ev_C,C,11,
20170805031140,2017-08-05 03:11:40,2017-08-05 12:00:00,ev_K,K,3,
20170805031150,2017-08-05 03:11:50,2017-08-05 12:00:00,ev_C,C,20,
20170805031200,2017-08-05 03:12:00,2017-08-05 12:00:00,ev_C,C,6,
20170805031210,2017-08-05 03:12:10,2017-08-05 12:00:00,ev_C,C,16,
20170805031220,2017-08-05 03:12:20,2017-08-05 12:00:00,ev_C,C,10,
20170805031230,2017-08-05 03:12:30,2017-08-05 12:00:00,ev_C,C,10,
20170805031240,2017-08-05 03:12:40,2017-08-05 12:00:00,ev_C,C,13,
20170805031250,2017-08-05 03:12:50,2017-08-05 12:00:00,ev_N,K,3,
20170805031300,2017-08-05 03:13:00,2017-08-05 12:00:00,ev_C,C,6,
20170805031310,2017-08-05 03:13:10,2017-08-05 12:00:00,ev_C,C,4,
20170805031320,2017-08-05 03:13:20,2017-08-05 12:00:00,ev_K,K,1,
20170805031330,2017-08-05 03:13:30,2017-08-05 12:00:00,ev_C,C,1,
20170805031340,2017-08-05 03:13:40,2017-08-05 12:00:00,ev_C,C,10,
20170805031350,2017-08-05 03:13:50,2017-08-05 12:00:00,ev_C,C,19,
20170805031400,2017-08-05 03:14:00,2017-08-05 12:00:00,ev_C,C,10,
20170805031410,2017-08-05 03:14:10,2017-08-05 12:00:00,ev_C,C,3,
20170805031420,2017-08-05 03:14:20,2017-08-05 12:00:00,ev_C,C,14,
20170805031430,2017-08-05 03:14:30,2017-08-05 12:00:00,ev_C,C,13,
20170805031440,2017-08-05 03:14:40,2017-08-05 12:00:00,ev_C,C,11,
20170805031450,2017-08-05 03:14:50,2017-08-05 12:00:00,ev_C,C,10,
20170805031500,2017-08-05 03:15:00,2017-08-05 12:00:00,ev_K,K,4,
20170805031510,2017-08-05 03:15:10,2017-08-05 12:00:00,ev_K,K,3,
20170805031520,2017-08-05 03:15:20,2017-08-05 12:00:00,ev_K,K,4,
20170805031530,2017-08-05 03:15:30,2017-08-05 12:00:00,ev_C,C,7,
20170805031540,2017-08-05 03:15:40,2017-08-05 12:00:00,ev_K,K,5,
20170805031550,2017-08-05 03:15:50,2017-08-05 12:00:00,ev_C,C,5,
20170805031600,2017-08-05 03:16:00,2017-08-05 12:00:00,ev_N,K,2,
20170805031610,2017-08-05 03:16:10,2017-08-05 12:00:00,ev_C,C,13,
20170805031620,2017-08-05 03:16:20,2017-08-05 12:00:00,ev_C,C,12,
20170805031630,2017-08-05 03:16:30,2017-08-05 12:00:00,ev_C,C,12,
20170805031640,2017-08-05 03:16:40,2017-08-05 12:00:00,ev_C,C,6,
20170805031650,2017-08-05 03:16:50,2017-08-05 12:00:00,ev_K,K,5,
20170805031700,2017-08-05 03:17:00,2017-08-05 12:00:00,ev_C,C,17,
20170805031710,2017-08-05 03:17:10,2017-08-05 12:00:00,ev_C,C,17,
20170805031720,2017-08-05 03:17:20,2017-08-05 12:00:00,ev_C,C,4,
20170805031730,2017-08-05 03:17:30,2017-08-05 12:00:00,ev_C,C,11,
20170805031740,2017-08-05 03:17:40,2017-08-05 12:00:00,ev_C,C,18,
20170805031750,2017-08-05 03:17:50,2017-08-05 12:00:00,ev_K,K,5,
20170805031800,2017-08-05 03:18:00,2017-08-05 12:00:00,ev_N,K,4,
20170805031810,2017-08-05 03:18:10,2017-08-05 12:00:00,ev_C,C,11,
20170805031820,2017-08-05 03:18:20,2017-08-05 12:00:00,ev_C,C,8,
20170805031830,2017-08-05 03:18:30,2017-08-05 12:00:00,ev_C,C,10,
20170805031840,2017-08-05 03:18:40,2017-08-05 12:00:00,ev_C,C,11,
20170805031850,2017-08-05 03:18:50,2017-08-05 12:00:00,ev_K,K,4,
20170805031900,2017-08-05 03:19:00,2017-08-05 12:00:00,ev_C,C,6,
20170805031910,2017-08-05 03:19:10,2017-08-05 12:00:00,ev_C,C,15,
20170805031920,2017-08-05 03:19:20,2017-08-05 12:00:00,ev_C,C,1,
20170805031930,2017-08-05 03:19:30,2017-08-05 12:00:00,ev_C,C,4,
20170805031940,2017-08-05 03:19:40,2017-08-05 12:00:00,ev_C,C,10,
20170805031950,2017-08-05 03:19:50,2017-08-05 12:00:00,ev_C,C,4,
20170805032000,2017-08-05 03:20:00,2017-08-05 12:00:00,ev_C,C,4,
20170805032010,2017-08-05 03:20:10,2017-08-05 12:00:00,ev_C,C,16,
20170805032020,2017-08-05 03:20:20,2017-08-05 12:00:00,ev_K,K,5,
20170805032030,2017-08-05 03:20:30,2017-08-05 12:00:00,ev_C,C,4,
20170805032040,2017-08-05 03:20:40,2017-08-05 12:00:00,ev_C,C,17,
20170805032050,2017-08-05 03:20:50,2017-08-05 12:00:00,ev_C,C,14,
20170805032100,2017-08-05 03:21:00,2017-08-05 12:00:00,ev_K,K,5,
20170805032110,2017-08-05 03:21:10,2017-08-05 12:00:00,ev_K,K,4,
20170805032120,2017-08-05 03:21:20,2017-08-05 12:00:00,ev_C,C,6,
20170805032130,2017-08-05 03:21:30,2017-08-05 12:00:00,ev_N,K,1,
20170805032140,2017-08-05 03:21:40,2017-08-05 12:00:00,ev_C,C,17,
20170805032150,2017-08-05 03:21:50,2017-08-05 12:00:00,ev_C,C,3,
20170805032200,2017-08-05 03:22:00,2017-08-05 12:00:00,ev_C,C,14,
20170805032210,2017-08-05 03:22:10,2017-08-05 12:00:00,ev_C,C,3,
20170805032220,2017-08-05 03:22:20,2017-08-05 12:00:00,ev_C,C,14,
20170805032230,2017-08-05 03:22:30,2017-08-05 12:00:00,ev_C,C,4,
20170805032240,2017-08-05 03:22:40,2017-08-05 12:00:00,ev_C,C,18,
20170805032250,2017-08-05 03:22:50,2017-08-05 12:00:00,ev_K,K,4,
20170805032300,2017-08-05 03:23:00,2017-08-05 12:00:00,ev_C,C,18,
20170805032310,2017-08-05 03:23:10,2017-08-05 12:00:00,ev_K,K,2,
20170805032320,2017-08-05 03:23:20,2017-08-05 12:00:00,ev_C,C,2,
20170805032330,2017-08-05 03:23:30,2017-08-05 12:00:00,ev_C,C,10,
20170805032340,2017-08-05 03:23:40,2017-08-05 12:00:00,ev_C,C,11,
20170805032350,2017-08-05 03:23:50,2017-08-05 12:00:00,ev_C,C,10,
20170805032400,2017-08-05 03:24:00,2017-08-05 12:00:00,ev_C,C,1,
20170805032410,2017-08-05 03:24:10,2017-08-05 12:00:00,ev_C,C,18,
20170805032420,2017-08-05 03:24:20,2017-08-05 12:00:00,ev_K,K,3,
20170805032430,2017-08-05 03:24:30,2017-08-05 12:00:00,ev_C,C,14,
20170805032440,2017-08-05 03:24:40,2017-08-05 12:00:00,ev_N,K,1,
20170805032450,2017-08-05 03:24:50,2017-08-05 12:00:00,ev_C,C,13,
20170805032500,2017-08-05 03:25:00,2017-08-05 12:00:00,ev_C,C,11,
20170805032510,2017-08-05 03:25:10,2017-08-05 12:00:00,ev_K,K,2,
20170805032520,2017-08-05 03:25:20,2017-08-05 12:00:00,ev_C,C,18,
20170805032530,2017-08-05 03:25:30,2017-08-05 12:00:00,ev_C,C,15,
20170805032540,2017-08-05 03:25:40,2017-08-05 12:00:00,ev_C,C,14,
20170805032550,2017-08-05 03:25:50,2017-08-05 12:00:00,ev_C,C,5,
20170805032600,2017-08-05 03:26:00,2017-08-05 12:00:00,ev_C,C,19,
20170805032610,2017-08-05 03:26:10,2017-08-05 12:00:00,ev_K,K,5,
20170805032620,2017-08-05 03:26:20,2017-08-05 12:00:00,ev_C,C,2,
20170805032630,2017-08-05 03:26:30,2017-08-05 12:00:00,ev_C,C,17,
20170805032640,2017-08-05 03:26:40,2017-08-05 12:00:00,ev_K,K,4,
20170805032650,2017-08-05 03:26:50,2017-08-05 12:00:00,ev_C,C,19,
20170805032700,2017-08-05 03:27:00,2017-08-05 12:00:00,ev_K,K,4,
20170805032710,2017-08-05 03:27:10,2017-08-05 12:00:00,ev_C,C,20,
20170805032720,2017-08-05 03:27:20,2017-08-05 12:00:00,ev_N,K,2,
20170805032730,2017-08-05 03:27:30,2017-08-05 12:00:00,ev_N,K,3,
20170805032740,2017-08-05 03:27:40,2017-08-05 12:00:00,ev_K,K,2,
20170805032750,2017-08-05 03:27:50,2017-08-05 12:00:00,ev_C,C,18,
20170805032800,2017-08-05 03:28:00,2017-08-05 12:00:00,ev_K,K,4,
20170805032810,2017-08-05 03:28:10,2017-08-05 12:00:00,ev_C,C,12,
20170805032820,2017-08-05 03:28:20,2017-08-05 12:00:00,ev_N,K,5,
20170805032830,2017-08-05 03:28:30,2017-08-05 12:00:00,ev_C,C,4,
20170805032840,2017-08-05 03:28:40,2017-08-05 12:00:00,ev_K,K,1,
20170805032850,2017-08-05 03:28:50,2017-08-05 12:00:00,ev_C,C,11,
20170805032900,2017-08-05 03:29:00,2017-08-05 12:00:00,ev_K,K,2,
20170805032910,2017-08-05 03:29:10,2017-08-05 12:00:00,ev_C,C,18,
20170805032920,2017-08-05 03:29:20,2017-08-05 12:00:00,ev_C,C,4,
20170805032930,2017-08-05 03:29:30,2017-08-05 12:00:00,ev_K,K,4,
20170805032940,2017-08-05 03:29:40,2017-08-05 12:00:00,ev_C,C,19,
20170805032950,2017-08-05 03:29:50,2017-08-05 12:00:00,ev_C,C,12,
20170805033000,2017-08-05 03:30:00,2017-08-05 12:00:00,ev_C,C,14,
20170805033010,2017-08-05 03:30:10,2017-08-05 12:00:00,ev_C,C,6,
20170805033020,2017-08-05 03:30:20,2017-08-05 12:00:00,ev_C,C,13,
20170805033030,2017-08-05 03:30:30,2017-08-05 12:00:00,ev_C,C,13,
20170805033040,2017-08-05 03:30:40,2017-08-05 12:00:00,ev_C,C,11,
20170805033050,2017-08-05 03:30:50,2017-08-05 12:00:00,ev_C,C,19,
20170805033100,2017-08-05 03:31:00,2017-08-05 12:00:00,ev_K,K,1,
20170805033110,2017-08-05 03:31:10,2017-08-05 12:00:00,ev_C,C,8,
20170805033120,2017-08-05 03:31:20,2017-08-05 12:00:00,ev_C,C,11,
20170805033130,2017-08-05 03:31:30,2017-08-05 12:00:00,ev_K,K,4,
20170805033140,2017-08-05 03:31:40,2017-08-05 12:00:00,ev_C,C,11,
20170805033150,2017-08-05 03:31:50,2017-08-05 12:00:00,ev_C,C,1,
20170805033200,2017-08-05 03:32:00,2017-08-05 12:00:00,ev_C,C,3,
20170805033210,2017-08-05 03:32:10,2017-08-05 12:00:00,ev_C,C,18,
20170805033220,2017-08-05 03:32:20,2017-08-05 12:00:00,ev_K,K,5,
20170805033230,2017-08-05 03:32:30,2017-08-05 12:00:00,ev_K,K,2,
20170805033240,2017-08-05 03:32:40,2017-08-05 12:00:00,ev_K,K,2,
20170805033250,2017-08-05 03:32:50,2017-08-05 12:00:00,ev_C,C,18,
20170805033300,2017-08-05 03:33:00,2017-08-05 12:00:00,ev_N,K,2,
20170805033310,2017-08-05 03:33:10,2017-08-05 12:00:00,ev_K,K,2,
20170805033320,2017-08-05 03:33:20,2017-08-05 12:00:00,ev_C,C,13,
20170805033330,2017-08-05 03:33:30,2017-08-05 12:00:00,ev_C,C,5,
20170805033340,2017-08-05 03:33:40,2017-08-05 12:00:00,ev_K,K,2,
20170805033350,2017-08-05 03:33:50,2017-08-05 12:00:00,ev_C,C,17,
20170805033400,2017-08-05 03:34:00,2017-08-05 12:00:00,ev_K,K,5,
20170805033410,2017-08-05 03:34:10,2017-08-05 12:00:00,ev_C,C,14,
20170805033420,2017-08-05 03:34:20,2017-08-05 12:00:00,ev_C,C,1,
20170805033430,2017-08-05 03:34:30,2017-08-05 12:00:00,ev_C,C,14,
20170805033440,2017-08-05 03:34:40,2017-08-05 12:00:00,ev_C,C,10,
20170805033450,2017-08-05 03:34:50,2017-08-05 12:00:00,ev_C,C,9,
20170805033500,2017-08-05 03:35:00,2017-08-05 12:00:00,ev_C,C,3,
20170805033510,2017-08-05 03:35:10,2017-08-05 12:00:00,ev_C,C,10,
20170805033520,2017-08-05 03:35:20,2017-08-05 12:00:00,ev_C,C,18,
20170805033530,2017-08-05 03:35:30,2017-08-05 12:00:00,ev_C,C,4,
20170805033540,2017-08-05 03:35:40,2017-08-05 12:00:00,ev_C,C,13,
20170805033550,2017-08-05 03:35:50,2017-08-05 12:00:00,ev_K,K,5,
20170805033600,2017-08-05 03:36:00,2017-08-05 12:00:00,ev_C,C,14,
20170805033610,2017-08-05 03:36:10,2017-08-05 12:00:00,ev_C,C,8,
20170805033620,2017-08-05 03:36:20,2017-08-05 12:00:00,ev_C,C,4,
20170805033630,2017-08-05 03:36:30,2017-08-05 12:00:00,ev_C,C,14,
20170805033640,2017-08-05 03:36:40,2017-08-05 12:00:00,ev_C,C,15,
20170805033650,2017-08-05 03:36:50,2017-08-05 12:00:00,ev_C,C,16,
20170805033700,2017-08-05 03:37:00,2017-08-05 12:00:00,ev_C,C,17,
20170805033710,2017-08-05 03:37:10,2017-08-05 12:00:00,ev_C,C,12,
20170805033720,2017-08-05 03:37:20,2017-08-05 12:00:00,ev_C,C,5,
20170805033730,2017-08-05 03:37:30,2017-08-05 12:00:00,ev_C,C,6,
20170805033740,2017-08-05 03:37:40,2017-08-05 12:00:00,ev_K,K,4,
20170805033750,2017-08-05 03:37:50,2017-08-05 12:00:00,ev_K,K,3,
20170805033800,2017-08-05 03:38:00,2017-08-05 12:00:00,ev_C,C,15,
20170805033810,2017-08-05 03:38:10,2017-08-05 12:00:00,ev_K,K,2,
20170805033820,2017-08-05 03:38:20,2017-08-05 12:00:00,ev_C,C,1,
20170805033830,2017-08-05 03:38:30,2017-08-05 12:00:00,ev_C,C,19,
20170805033840,2017-08-05 03:38:40,2017-08-05 12:00:00,ev_C,C,2,
20170805033850,2017-08-05 03:38:50,2017-08-05 12:00:00,ev_C,C,9,
20170805033900,2017-08-05 03:39:00,2017-08-05 12:00:00,ev_N,K,2,
20170805033910,2017-08-05 03:39:10,2017-08-05 12:00:00,ev_C,C,16,
20170805033920,2017-08-05 03:39:20,2017-08-05 12:00:00,ev_C,C,2,
20170805033930,2017-08-05 03:39:30,2017-08-05 12:00:00,ev_C,C,10,
20170805033940,2017-08-05 03:39:40,2017-08-05 12:00:00,ev_C,C,11,
20170805033950,2017-08-05 03:39:50,2017-08-05 12:00:00,ev_N,K,1,
20170805034000,2017-08-05 03:40:00,2017-08-05 12:00:00,ev_K,K,4,
20170805034010,2017-08-05 03:40:10,2017-08-05 12:00:00,ev_C,C,19,
20170805034020,2017-08-05 03:40:20,2017-08-05 12:00:00,ev_C,C,4,
20170805034030,2017-08-05 03:40:30,2017-08-05 12:00:00,ev_C,C,6,
20170805034040,2017-08-05 03:40:40,2017-08-05 12:00:00,ev_C,C,19,
20170805034050,2017-08-05 03:40:50,2017-08-05 12:00:00,ev_C,C,2,
20170805034100,2017-08-05 03:41:00,2017-08-05 12:00:00,ev_C,C,20,
20170805034110,2017-08-05 03:41:10,2017-08-05 12:00:00,ev_C,C,18,
20170805034120,2017-08-05 03:41:20,2017-08-05 12:00:00,ev_C,C,8,
20170805034130,2017-08-05 03:41:30,2017-08-05 12:00:00,ev_C,C,9,
20170805034140,2017-08-05 03:41:40,2017-08-05 12:00:00,ev_C,C,19,
20170805034150,2017-08-05 03:41:50,2017-08-05 12:00:00,ev_C,C,2,
20170805034200,2017-08-05 03:42:00,2017-08-05 12:00:00,ev_C,C,16,
20170805034210,2017-08-05 03:42:10,2017-08-05 12:00:00,ev_C,C,5,
20170805034220,2017-08-05 03:42:20,2017-08-05 12:00:00,ev_C,C,14,
20170805034230,2017-08-05 03:42:30,2017-08-05 12:00:00,ev_C,C,4,
20170805034240,2017-08-05 03:42:40,2017-08-05 12:00:00,ev_C,C,16,
20170805034250,2017-08-05 03:42:50,2017-08-05 12:00:00,ev_C,C,5,
20170805034300,2017-08-05 03:43:00,2017-08-05 12:00:00,ev_C,C,9,
20170805034310,2017-08-05 03:43:10,2017-08-05 12:00:00,ev_C,C,18,
20170805034320,2017-08-05 03:43:20,2017-08-05 12:00:00,ev_C,C,14,
20170805034330,2017-08-05 03:43:30,2017-08-05 12:00:00,ev_C,C,3,
20170805034340,2017-08-05 03:43:40,2017-08-05 12:00:00,ev_C,C,18,
20170805034350,2017-08-05 03:43:50,2017-08-05 12:00:00,ev_C,C,1,
20170805034400,2017-08-05 03:44:00,2017-08-05 12:00:00,ev_K,K,1,
20170805034410,2017-08-05 03:44:10,2017-08-05 12:00:00,ev_C,C,13,
20170805034420,2017-08-05 03:44:20,2017-08-05 12:00:00,ev_K,K,4,
20170805034430,2017-08-05 03:44:30,2017-08-05 12:00:00,ev_C,C,2,
20170805034440,2017-08-05 03:44:40,2017-08-05 12:00:00,ev_K,K,4,
20170805034450,2017-08-05 03:44:50,2017-08-05 12:00:00,ev_C,C,3,
20170805034500,2017-08-05 03:45:00,2017-08-05 12:00:00,ev_C,C,20,
20170805034510,2017-08-05 03:45:10,2017-08-05 12:00:00,ev_C,C,15,
20170805034520,2017-08-05 03:45:20,2017-08-05 12:00:00,ev_K,K,3,
20170805034530,2017-08-05 03:45:30,2017-08-05 12:00:00,ev_K,K,1,
20170805034540,2017-08-05 03:45:40,2017-08-05 12:00:00,ev_C,C,6,
20170805034550,2017-08-05 03:45:50,2017-08-05 12:00:00,ev_N,K,1,
20170805034600,2017-08-05 03:46:00,2017-08-05 12:00:00,ev_C,C,20,
20170805034610,2017-08-05 03:46:10,2017-08-05 12:00:00,ev_C,C,12,
20170805034620,2017-08-05 03:46:20,2017-08-05 12:00:00,ev_N,K,4,
20170805034630,2017-08-05 03:46:30,2017-08-05 12:00:00,ev_K,K,3,
20170805034640,2017-08-05 03:46:40,2017-08-05 12:00:00,ev_C,C,2,
20170805034650,2017-08-05 03:46:50,2017-08-05 12:00:00,ev_K,K,5,
20170805034700,2017-08-05 03:47:00,2017-08-05 12:00:00,ev_K,K,4,
20170805034710,2017-08-05 03:47:10,2017-08-05 12:00:00,ev_K,K,3,
20170805034720,2017-08-05 03:47:20,2017-08-05 12:00:00,ev_K,K,2,
20170805034730,2017-08-05 03:47:30,2017-08-05 12:00:00,ev_C,C,16,
20170805034740,2017-08-05 03:47:40,2017-08-05 12:00:00,ev_C,C,12,
20170805034750,2017-08-05 03:47:50,2017-08-05 12:00:00,ev_C,C,3,
20170805034800,2017-08-05 03:48:00,2017-08-05 12:00:00,ev_N,K,1,
20170805034810,2017-08-05 03:48:10,2017-08-05 12:00:00,ev_C,C,11,
20170805034820,2017-08-05 03:48:20,2017-08-05 12:00:00,ev_K,K,3,
20170805034830,2017-08-05 03:48:30,2017-08-05 12:00:00,ev_C,C,17,
20170805034840,2017-08-05 03:48:40,2017-08-05 12:00:00,ev_K,K,5,
20170805034850,2017-08-05 03:48:50,2017-08-05 12:00:00,ev_C,C,16,
20170805034900,2017-08-05 03:49:00,2017-08-05 12:00:00,ev_C,C,12,
20170805034910,2017-08-05 03:49:10,2017-08-05 12:00:00,ev_C,C,7,
20170805034920,2017-08-05 03:49:20,2017-08-05 12:00:00,ev_C,C,10,
20170805034930,2017-08-05 03:49:30,2017-08-05 12:00:00,ev_C,C,13,
20170805034940,2017-08-05 03:49:40,2017-08-05 12:00:00,ev_C,C,20,
20170805034950,2017-08-05 03:49:50,2017-08-05 12:00:00,ev_C,C,2,
20170805035000,2017-08-05 03:50:00,2017-08-05 12:00:00,ev_C,C,5,
20170805035010,2017-08-05 03:50:10,2017-08-05 12:00:00,ev_C,C,8,
20170805035020,2017-08-05 03:50:20,2017-08-05 12:00:00,ev_C,C,1,
20170805035030,2017-08-05 03:50:30,2017-08-05 12:00:00,ev_C,C,14,
20170805035040,2017-08-05 03:50:40,2017-08-05 12:00:00,ev_C,C,10,
20170805035050,2017-08-05 03:50:50,2017-08-05 12:00:00,ev_C,C,4,
20170805035100,2017-08-05 03:51:00,2017-08-05 12:00:00,ev_C,C,16,
20170805035110,2017-08-05 03:51:10,2017-08-05 12:00:00,ev_C,C,11,
20170805035120,2017-08-05 03:51:20,2017-08-05 12:00:00,ev_N,K,2,
20170805035130,2017-08-05 03:51:30,2017-08-05 12:00:00,ev_C,C,11,
20170805035140,2017-08-05 03:51:40,2017-08-05 12:00:00,ev_C,C,6,
20170805035150,2017-08-05 03:51:50,2017-08-05 12:00:00,ev_C,C,19,
20170805035200,2017-08-05 03:52:00,2017-08-05 12:00:00,ev_C,C,3,
20170805035210,2017-08-05 03:52:10,2017-08-05 12:00:00,ev_C,C,1,
20170805035220,2017-08-05 03:52:20,2017-08-05 12:00:00,ev_K,K,2,
20170805035230,2017-08-05 03:52:30,2017-08-05 12:00:00,ev_C,C,14,
20170805035240,2017-08-05 03:52:40,2017-08-05 12:00:00,ev_C,C,4,
20170805035250,2017-08-05 03:52:50,2017-08-05 12:00:00,ev_K,K,5,
20170805035300,2017-08-05 03:53:00,2017-08-05 12:00:00,ev_C,C,1,
20170805035310,2017-08-05 03:53:10,2017-08-05 12:00:00,ev_C,C,17,
20170805035320,2017-08-05 03:53:20,2017-08-05 12:00:00,ev_C,C,12,
20170805035330,2017-08-05 03:53:30,2017-08-05 12:00:00,ev_C,C,3,
20170805035340,2017-08-05 03:53:40,2017-08-05 12:00:00,ev_C,C,10,
20170805035350,2017-08-05 03:53:50,2017-08-05 12:00:00,ev_C,C,11,
20170805035400,2017-08-05 03:54:00,2017-08-05 12:00:00,ev_C,C,13,
20170805035410,2017-08-05 03:54:10,2017-08-05 12:00:00,ev_C,C,16,
20170805035420,2017-08-05 03:54:20,2017-08-05 12:00:00,ev_K,K,3,
20170805035430,2017-08-05 03:54:30,2017-08-05 12:00:00,ev_C,C,20,
20170805035440,2017-08-05 03:54:40,2017-08-05 12:00:00,ev_C,C,8,
20170805035450,2017-08-05 03:54:50,2017-08-05 12:00:00,ev_C,C,8,
20170805035500,2017-08-05 03:55:00,2017-08-05 12:00:00,ev_N,K,3,
20170805035510,2017-08-05 03:55:10,2017-08-05 12:00:00,ev_C,C,3,
20170805035520,2017-08-05 03:55:20,2017-08-05 12:00:00,ev_C,C,2,
20170805035530,2017-08-05 03:55:30,2017-08-05 12:00:00,ev_C,C,16,
20170805035540,2017-08-05 03:55:40,2017-08-05 12:00:00,ev_K,K,1,
20170805035550,2017-08-05 03:55:50,2017-08-05 12:00:00,ev_K,K,4,
20170805035600,2017-08-05 03:56:00,2017-08-05 12:00:00,ev_C,C,20,
20170805035610,2017-08-05 03:56:10,2017-08-05 12:00:00,ev_K,K,5,
20170805035620,2017-08-05 03:56:20,2017-08-05 12:00:00,ev_C,C,6,
20170805035630,2017-08-05 03:56:30,2017-08-05 12:00:00,ev_C,C,15,
20170805035640,2017-08-05 03:56:40,2017-08-05 12:00:00,ev_C,C,5,
20170805035650,2017-08-05 03:56:50,2017-08-05 12:00:00,ev_C,C,4,
20170805035700,2017-08-05 03:57:00,2017-08-05 12:00:00,ev_C,C,14,
20170805035710,2017-08-05 03:57:10,2017-08-05 12:00:00,ev_C,C,13,
20170805035720,2017-08-05 03:57:20,2017-08-05 12:00:00,ev_C,C,16,
20170805035730,2017-08-05 03:57:30,2017-08-05 12:00:00,ev_C,C,16,
20170805035740,2017-08-05 03:57:40,2017-08-05 12:00:00,ev_C,C,7,
20170805035750,2017-08-05 03:57:50,2017-08-05 12:00:00,ev_C,C,8,
20170805035800,2017-08-05 03:58:00,2017-08-05 12:00:00,ev_C,C,9,
20170805035810,2017-08-05 03:58:10,2017-08-05 12:00:00,ev_C,C,1,
20170805035820,2017-08-05 03:58:20,2017-08-05 12:00:00,ev_C,C,18,
20170805035830,2017-08-05 03:58:30,2017-08-05 12:00:00,ev_C,C,10,
20170805035840,2017-08-05 03:58:40,2017-08-05 12:00:00,ev_C,C,10,
20170805035850,2017-08-05 03:58:50,2017-08-05 12:00:00,ev_K,K,5,
20170805035900,2017-08-05 03:59:00,2017-08-05 12:00:00,ev_C,C,17,
20170805035910,2017-08-05 03:59:10,2017-08-05 12:00:00,ev_C,C,8,
20170805035920,2017-08-05 03:59:20,2017-08-05 12:00:00,ev_K,K,3,
20170805035930,2017-08-05 03:59:30,2017-08-05 12:00:00,ev_K,K,5,
20170805035940,2017-08-05 03:59:40,2017-08-05 12:00:00,ev_C,C,7,
20170805035950,2017-08-05 03:59:50,2017-08-05 12:00:00,ev_C,C,18,
20170805040000,2017-08-05 04:00:00,2017-08-05 12:00:00,ev_K,K,5,
20170805040010,2017-08-05 04:00:10,2017-08-05 12:00:00,ev_C,C,7,
20170805040020,2017-08-05 04:00:20,2017-08-05 12:00:00,ev_C,C,15,
20170805040030,2017-08-05 04:00:30,2017-08-05 12:00:00,ev_C,C,4,
20170805040040,2017-08-05 04:00:40,2017-08-05 12:00:00,ev_K,K,5,
20170805040050,2017-08-05 04:00:50,2017-08-05 12:00:00,ev_C,C,18,
20170805040100,2017-08-05 04:01:00,2017-08-05 12:00:00,ev_C,C,20,
20170805040110,2017-08-05 04:01:10,2017-08-05 12:00:00,ev_N,K,2,
20170805040120,2017-08-05 04:01:20,2017-08-05 12:00:00,ev_K,K,3,
20170805040130,2017-08-05 04:01:30,2017-08-05 12:00:00,ev_C,C,13,
20170805040140,2017-08-05 04:01:40,2017-08-05 12:00:00,ev_K,K,1,
20170805040150,2017-08-05 04:01:50,2017-08-05 12:00:00,ev_N,K,3,
20170805040200,2017-08-05 04:02:00,2017-08-05 12:00:00,ev_C,C,11,
20170805040210,2017-08-05 04:02:10,2017-08-05 12:00:00,ev_C,C,1,
20170805040220,2017-08-05 04:02:20,2017-08-05 12:00:00,ev_C,C,8,
20170805040230,2017-08-05 04:02:30,2017-08-05 12:00:00,ev_K,K,3,
20170805040240,2017-08-05 04:02:40,2017-08-05 12:00:00,ev_C,C,17,
20170805040250,2017-08-05 04:02:50,2017-08-05 12:00:00,ev_C,C,19,
20170805040300,2017-08-05 04:03:00,2017-08-05 12:00:00,ev_C,C,8,
20170805040310,2017-08-05 04:03:10,2017-08-05 12:00:00,ev_C,C,6,
20170805040320,2017-08-05 04:03:20,2017-08-05 12:00:00,ev_C,C,20,
20170805040330,2017-08-05 04:03:30,2017-08-05 12:00:00,ev_C,C,10,
20170805040340,2017-08-05 04:03:40,2017-08-05 12:00:00,ev_C,C,19,
20170805040350,2017-08-05 04:03:50,2017-08-05 12:00:00,ev_C,C,12,
20170805040400,2017-08-05 04:04:00,2017-08-05 12:00:00,ev_C,C,4,
20170805040410,2017-08-05 04:04:10,2017-08-05 12:00:00,ev_K,K,5,
20170805040420,2017-08-05 04:04:20,2017-08-05 12:00:00,ev_K,K,4,
20170805040430,2017-08-05 04:04:30,2017-08-05 12:00:00,ev_C,C,18,
20170805040440,2017-08-05 04:04:40,2017-08-05 12:00:00,ev_C,C,9,
20170805040450,2017-08-05 04:04:50,2017-08-05 12:00:00,ev_C,C,6,
20170805040500,2017-08-05 04:05:00,2017-08-05 12:00:00,ev_C,C,17,
20170805040510,2017-08-05 04:05:10,2017-08-05 12:00:00,ev_C,C,7,
20170805040520,2017-08-05 04:05:20,2017-08-05 12:00:00,ev_C,C,8,
20170805040530,2017-08-05 04:05:30,2017-08-05 12:00:00,ev_N,K,2,
20170805040540,2017-08-05 04:05:40,2017-08-05 12:00:00,ev_C,C,6,
20170805040550,2017-08-05 04:05:50,2017-08-05 12:00:00,ev_C,C,12,
20170805040600,2017-08-05 04:06:00,2017-08-05 12:00:00,ev_C,C,12,
20170805040610,2017-08-05 04:06:10,2017-08-05 12:00:00,ev_C,C,7,
20170805040620,2017-08-05 04:06:20,2017-08-05 12:00:00,ev_C,C,4,
20170805040630,2017-08-05 04:06:30,2017-08-05 12:00:00,ev_C,C,11,
20170805040640,2017-08-05 04:06:40,2017-08-05 12:00:00,ev_C,C,11,
20170805040650,2017-08-05 04:06:50,2017-08-05 12:00:00,ev_N,K,5,
20170805040700,2017-08-05 04:07:00,2017-08-05 12:00:00,ev_C,C,5,
20170805040710,2017-08-05 04:07:10,2017-08-05 12:00:00,ev_C,C,9,
20170805040720,2017-08-05 04:07:20,2017-08-05 12:00:00,ev_C,C,12,
20170805040730,2017-08-05 04:07:30,2017-08-05 12:00:00,ev_K,K,2,
20170805040740,2017-08-05 04:07:40,2017-08-05 12:00:00,ev_C,C,1,
20170805040750,2017-08-05 04:07:50,2017-08-05 12:00:00,ev_C,C,15,
20170805040800,2017-08-05 04:08:00,2017-08-05 12:00:00,ev_C,C,13,
20170805040810,2017-08-05 04:08:10,2017-08-05 12:00:00,ev_C,C,19,
20170805040820,2017-08-05 04:08:20,2017-08-05 12:00:00,ev_K,K,5,
20170805040830,2017-08-05 04:08:30,2017-08-05 12:00:00,ev_C,C,3,
20170805040840,2017-08-05 04:08:40,2017-08-05 12:00:00,ev_C,C,15,
20170805040850,2017-08-05 04:08:50,2017-08-05 12:00:00,ev_C,C,8,
20170805040900,2017-08-05 04:09:00,2017-08-05 12:00:00,ev_C,C,19,
20170805040910,2017-08-05 04:09:10,2017-08-05 12:00:00,ev_C,C,11,
20170805040920,2017-08-05 04:09:20,2017-08-05 12:00:00,ev_K,K,5,
20170805040930,2017-08-05 04:09:30,2017-08-05 12:00:00,ev_C,C,10,
20170805040940,2017-08-05 04:09:40,2017-08-05 12:00:00,ev_C,C,20,
20170805040950,2017-08-05 04:09:50,2017-08-05 12:00:00,ev_C,C,3,
20170805041000,2017-08-05 04:10:00,2017-08-05 12:00:00,ev_C,C,20,
20170805041010,2017-08-05 04:10:10,2017-08-05 12:00:00,ev_C,C,9,
20170805041020,2017-08-05 04:10:20,2017-08-05 12:00:00,ev_K,K,5,
20170805041030,2017-08-05 04:10:30,2017-08-05 12:00:00,ev_C,C,9,
20170805041040,2017-08-05 04:10:40,2017-08-05 12:00:00,ev_C,C,2,
20170805041050,2017-08-05 04:10:50,2017-08-05 12:00:00,ev_C,C,1,
20170805041100,2017-08-05 04:11:00,2017-08-05 12:00:00,ev_C,C,14,
20170805041110,2017-08-05 04:11:10,2017-08-05 12:00:00,ev_K,K,3,
20170805041120,2017-08-05 04:11:20,2017-08-05 12:00:00,ev_K,K,4,
20170805041130,2017-08-05 04:11:30,2017-08-05 12:00:00,ev_K,K,2,
20170805041140,2017-08-05 04:11:40,2017-08-05 12:00:00,ev_C,C,18,
20170805041150,2017-08-05 04:11:50,2017-08-05 12:00:00,ev_K,K,5,
20170805041200,2017-08-05 04:12:00,2017-08-05 12:00:00,ev_K,K,4,
20170805041210,2017-08-05 04:12:10,2017-08-05 12:00:00,ev_K,K,5,
20170805041220,2017-08-05 04:12:20,2017-08-05 12:00:00,ev_C,C,18,
20170805041230,2017-08-05 04:12:30,2017-08-05 12:00:00,ev_C,C,16,
20170805041240,2017-08-05 04:12:40,2017-08-05 12:00:00,ev_C,C,6,
20170805041250,2017-08-05 04:12:50,2017-08-05 12:00:00,ev_C,C,8,
20170805041300,2017-08-05 04:13:00,2017-08-05 12:00:00,ev_C,C,2,
20170805041310,2017-08-05 04:13:10,2017-08-05 12:00:00,ev_C,C,1,
20170805041320,2017-08-05 04:13:20,2017-08-05 12:00:00,ev_C,C,6,
20170805041330,2017-08-05 04:13:30,2017-08-05 12:00:00,ev_C,C,10,
20170805041340,2017-08-05 04:13:40,2017-08-05 12:00:00,ev_N,K,3,
20170805041350,2017-08-05 04:13:50,2017-08-05 12:00:00,ev_C,C,11,
20170805041400,2017-08-05 04:14:00,2017-08-05 12:00:00,ev_C,C,5,
20170805041410,2017-08-05 04:14:10,2017-08-05 12:00:00,ev_N,K,4,
20170805041420,2017-08-05 04:14:20,2017-08-05 12:00:00,ev_C,C,8,
20170805041430,2017-08-05 04:14:30,2017-08-05 12:00:00,ev_C,C,12,
20170805041440,2017-08-05 04:14:40,2017-08-05 12:00:00,ev_C,C,9,
20170805041450,2017-08-05 04:14:50,2017-08-05 12:00:00,ev_C,C,8,
20170805041500,2017-08-05 04:15:00,2017-08-05 12:00:00,ev_K,K,3,
20170805041510,2017-08-05 04:15:10,2017-08-05 12:00:00,ev_C,C,17,
20170805041520,2017-08-05 04:15:20,2017-08-05 12:00:00,ev_N,K,3,
20170805041530,2017-08-05 04:15:30,2017-08-05 12:00:00,ev_C,C,8,
20170805041540,2017-08-05 04:15:40,2017-08-05 12:00:00,ev_K,K,1,
20170805041550,2017-08-05 04:15:50,2017-08-05 12:00:00,ev_C,C,13,
20170805041600,2017-08-05 04:16:00,2017-08-05 12:00:00,ev_C,C,3,
20170805041610,2017-08-05 04:16:10,2017-08-05 12:00:00,ev_K,K,1,
20170805041620,2017-08-05 04:16:20,2017-08-05 12:00:00,ev_K,K,4,
20170805041630,2017-08-05 04:16:30,2017-08-05 12:00:00,ev_C,C,6,
20170805041640,2017-08-05 04:16:40,2017-08-05 12:00:00,ev_C,C,7,
20170805041650,2017-08-05 04:16:50,2017-08-05 12:00:00,ev_N,K,3,
20170805041700,2017-08-05 04:17:00,2017-08-05 12:00:00,ev_C,C,1,
20170805041710,2017-08-05 04:17:10,2017-08-05 12:00:00,ev_C,C,9,
20170805041720,2017-08-05 04:17:20,2017-08-05 12:00:00,ev_K,K,2,
20170805041730,2017-08-05 04:17:30,2017-08-05 12:00:00,ev_C,C,11,
20170805041740,2017-08-05 04:17:40,2017-08-05 12:00:00,ev_C,C,2,
20170805041750,2017-08-05 04:17:50,2017-08-05 12:00:00,ev_C,C,3,
20170805041800,2017-08-05 04:18:00,2017-08-05 12:00:00,ev_C,C,17,
20170805041810,2017-08-05 04:18:10,2017-08-05 12:00:00,ev_C,C,20,
20170805041820,2017-08-05 04:18:20,2017-08-05 12:00:00,ev_C,C,12,
20170805041830,2017-08-05 04:18:30,2017-08-05 12:00:00,ev_C,C,9,
20170805041840,2017-08-05 04:18:40,2017-08-05 12:00:00,ev_C,C,1,
20170805041850,2017-08-05 04:18:50,2017-08-05 12:00:00,ev_C,C,3,
20170805041900,2017-08-05 04:19:00,2017-08-05 12:00:00,ev_C,C,20,
20170805041910,2017-08-05 04:19:10,2017-08-05 12:00:00,ev_K,K,2,
20170805041920,2017-08-05 04:19:20,2017-08-05 12:00:00,ev_C,C,11,
20170805041930,2017-08-05 04:19:30,2017-08-05 12:00:00,ev_C,C,4,
20170805041940,2017-08-05 04:19:40,2017-08-05 12:00:00,ev_C,C,7,
20170805041950,2017-08-05 04:19:50,2017-08-05 12:00:00,ev_C,C,3,
20170805042000,2017-08-05 04:20:00,2017-08-05 12:00:00,ev_C,C,16,
20170805042010,2017-08-05 04:20:10,2017-08-05 12:00:00,ev_C,C,10,
20170805042020,2017-08-05 04:20:20,2017-08-05 12:00:00,ev_C,C,14,
20170805042030,2017-08-05 04:20:30,2017-08-05 12:00:00,ev_K,K,5,
20170805042040,2017-08-05 04:20:40,2017-08-05 12:00:00,ev_K,K,2,
20170805042050,2017-08-05 04:20:50,2017-08-05 12:00:00,ev_C,C,1,
20170805042100,2017-08-05 04:21:00,2017-08-05 12:00:00,ev_C,C,4,
20170805042110,2017-08-05 04:21:10,2017-08-05 12:00:00,ev_C,C,9,
20170805042120,2017-08-05 04:21:20,2017-08-05 12:00:00,ev_N,K,4,
20170805042130,2017-08-05 04:21:30,2017-08-05 12:00:00,ev_C,C,6,
20170805042140,2017-08-05 04:21:40,2017-08-05 12:00:00,ev_C,C,15,
20170805042150,2017-08-05 04:21:50,2017-08-05 12:00:00,ev_C,C,20,
20170805042200,2017-08-05 04:22:00,2017-08-05 12:00:00,ev_K,K,3,
20170805042210,2017-08-05 04:22:10,2017-08-05 12:00:00,ev_K,K,4,
20170805042220,2017-08-05 04:22:20,2017-08-05 12:00:00,ev_C,C,19,
20170805042230,2017-08-05 04:22:30,2017-08-05 12:00:00,ev_C,C,9,
20170805042240,2017-08-05 04:22:40,2017-08-05 12:00:00,ev_C,C,16,
20170805042250,2017-08-05 04:22:50,2017-08-05 12:00:00,ev_C,C,8,
20170805042300,2017-08-05 04:23:00,2017-08-05 12:00:00,ev_C,C,16,
20170805042310,2017-08-05 04:23:10,2017-08-05 12:00:00,ev_C,C,13,
20170805042320,2017-08-05 04:23:20,2017-08-05 12:00:00,ev_C,C,12,
20170805042330,2017-08-05 04:23:30,2017-08-05 12:00:00,ev_C,C,8,
20170805042340,2017-08-05 04:23:40,2017-08-05 12:00:00,ev_K,K,1,
20170805042350,2017-08-05 04:23:50,2017-08-05 12:00:00,ev_K,K,5,
20170805042400,2017-08-05 04:24:00,2017-08-05 12:00:00,ev_N,K,5,
20170805042410,2017-08-05 04:24:10,2017-08-05 12:00:00,ev_K,K,2,
20170805042420,2017-08-05 04:24:20,2017-08-05 12:00:00,ev_K,K,2,
20170805042430,2017-08-05 04:24:30,2017-08-05 12:00:00,ev_K,K,1,
20170805042440,2017-08-05 04:24:40,2017-08-05 12:00:00,ev_C,C,5,
20170805042450,2017-08-05 04:24:50,2017-08-05 12:00:00,ev_C,C,8,
20170805042500,2017-08-05 04:25:00,2017-08-05 12:00:00,ev_C,C,14,
20170805042510,2017-08-05 04:25:10,2017-08-05 12:00:00,ev_K,K,1,
20170805042520,2017-08-05 04:25:20,2017-08-05 12:00:00,ev_C,C,3,
20170805042530,2017-08-05 04:25:30,2017-08-05 12:00:00,ev_C,C,13,
20170805042540,2017-08-05 04:25:40,2017-08-05 12:00:00,ev_C,C,16,
20170805042550,2017-08-05 04:25:50,2017-08-05 12:00:00,ev_C,C,1,
20170805042600,2017-08-05 04:26:00,2017-08-05 12:00:00,ev_C,C,8,
20170805042610,2017-08-05 04:26:10,2017-08-05 12:00:00,ev_K,K,5,
20170805042620,2017-08-05 04:26:20,2017-08-05 12:00:00,ev_K,K,2,
20170805042630,2017-08-05 04:26:30,2017-08-05 12:00:00,ev_C,C,11,
20170805042640,2017-08-05 04:26:40,2017-08-05 12:00:00,ev_C,C,12,
20170805042650,2017-08-05 04:26:50,2017-08-05 12:00:00,ev_C,C,5,
20170805042700,2017-08-05 04:27:00,2017-08-05 12:00:00,ev_C,C,18,
20170805042710,2017-08-05 04:27:10,2017-08-05 12:00:00,ev_C,C,20,
20170805042720,2017-08-05 04:27:20,2017-08-05 12:00:00,ev_C,C,6,
20170805042730,2017-08-05 04:27:30,2017-08-05 12:00:00,ev_C,C,4,
20170805042740,2017-08-05 04:27:40,2017-08-05 12:00:00,ev_K,K,5,
20170805042750,2017-08-05 04:27:50,2017-08-05 12:00:00,ev_K,K,4,
20170805042800,2017-08-05 04:28:00,2017-08-05 12:00:00,ev_C,C,9,
20170805042810,2017-08-05 04:28:10,2017-08-05 12:00:00,ev_C,C,9,
20170805042820,2017-08-05 04:28:20,2017-08-05 12:00:00,ev_C,C,11,
20170805042830,2017-08-05 04:28:30,2017-08-05 12:00:00,ev_C,C,6,
20170805042840,2017-08-05 04:28:40,2017-08-05 12:00:00,ev_C,C,16,
20170805042850,2017-08-05 04:28:50,2017-08-05 12:00:00,ev_C,C,2,
20170805042900,2017-08-05 04:29:00,2017-08-05 12:00:00,ev_C,C,4,
20170805042910,2017-08-05 04:29:10,2017-08-05 12:00:00,ev_K,K,4,
20170805042920,2017-08-05 04:29:20,2017-08-05 12:00:00,ev_K,K,3,
20170805042930,2017-08-05 04:29:30,2017-08-05 12:00:00,ev_C,C,10,
20170805042940,2017-08-05 04:29:40,2017-08-05 12:00:00,ev_K,K,4,
20170805042950,2017-08-05 04:29:50,2017-08-05 12:00:00,ev_C,C,19,
20170805043000,2017-08-05 04:30:00,2017-08-05 12:00:00,ev_K,K,2,
20170805043010,2017-08-05 04:30:10,2017-08-05 12:00:00,ev_C,C,13,
20170805043020,2017-08-05 04:30:20,2017-08-05 12:00:00,ev_C,C,3,
20170805043030,2017-08-05 04:30:30,2017-08-05 12:00:00,ev_C,C,12,
20170805043040,2017-08-05 04:30:40,2017-08-05 12:00:00,ev_C,C,2,
20170805043050,2017-08-05 04:30:50,2017-08-05 12:00:00,ev_C,C,5,
20170805043100,2017-08-05 04:31:00,2017-08-05 12:00:00,ev_K,K,1,
20170805043110,2017-08-05 04:31:10,2017-08-05 12:00:00,ev_C,C,8,
20170805043120,2017-08-05 04:31:20,2017-08-05 12:00:00,ev_K,K,3,
20170805043130,2017-08-05 04:31:30,2017-08-05 12:00:00,ev_K,K,3,
20170805043140,2017-08-05 04:31:40,2017-08-05 12:00:00,ev_K,K,5,
20170805043150,2017-08-05 04:31:50,2017-08-05 12:00:00,ev_C,C,12,
20170805043200,2017-08-05 04:32:00,2017-08-05 12:00:00,ev_C,C,14,
20170805043210,2017-08-05 04:32:10,2017-08-05 12:00:00,ev_C,C,14,
20170805043220,2017-08-05 04:32:20,2017-08-05 12:00:00,ev_C,C,3,
20170805043230,2017-08-05 04:32:30,2017-08-05 12:00:00,ev_C,C,2,
20170805043240,2017-08-05 04:32:40,2017-08-05 12:00:00,ev_K,K,2,
20170805043250,2017-08-05 04:32:50,2017-08-05 12:00:00,ev_C,C,10,
20170805043300,2017-08-05 04:33:00,2017-08-05 12:00:00,ev_C,C,7,
20170805043310,2017-08-05 04:33:10,2017-08-05 12:00:00,ev_K,K,1,
20170805043320,2017-08-05 04:33:20,2017-08-05 12:00:00,ev_C,C,4,
20170805043330,2017-08-05 04:33:30,2017-08-05 12:00:00,ev_C,C,1,
20170805043340,2017-08-05 04:33:40,2017-08-05 12:00:00,ev_C,C,17,
20170805043350,2017-08-05 04:33:50,2017-08-05 12:00:00,ev_K,K,5,
20170805043400,2017-08-05 04:34:00,2017-08-05 12:00:00,ev_C,C,12,
20170805043410,2017-08-05 04:34:10,2017-08-05 12:00:00,ev_C,C,12,
20170805043420,2017-08-05 04:34:20,2017-08-05 12:00:00,ev_C,C,2,
20170805043430,2017-08-05 04:34:30,2017-08-05 12:00:00,ev_K,K,1,
20170805043440,2017-08-05 04:34:40,2017-08-05 12:00:00,ev_K,K,5,
20170805043450,2017-08-05 04:34:50,2017-08-05 12:00:00,ev_K,K,1,
20170805043500,2017-08-05 04:35:00,2017-08-05 12:00:00,ev_K,K,2,
20170805043510,2017-08-05 04:35:10,2017-08-05 12:00:00,ev_K,K,3,
20170805043520,2017-08-05 04:35:20,2017-08-05 12:00:00,ev_C,C,6,
20170805043530,2017-08-05 04:35:30,2017-08-05 12:00:00,ev_K,K,3,
20170805043540,2017-08-05 04:35:40,2017-08-05 12:00:00,ev_C,C,5,
20170805043550,2017-08-05 04:35:50,2017-08-05 12:00:00,ev_K,K,5,
20170805043600,2017-08-05 04:36:00,2017-08-05 12:00:00,ev_C,C,4,
20170805043610,2017-08-05 04:36:10,2017-08-05 12:00:00,ev_C,C,13,
20170805043620,2017-08-05 04:36:20,2017-08-05 12:00:00,ev_C,C,15,
20170805043630,2017-08-05 04:36:30,2017-08-05 12:00:00,ev_C,C,20,
20170805043640,2017-08-05 04:36:40,2017-08-05 12:00:00,ev_N,K,2,
20170805043650,2017-08-05 04:36:50,2017-08-05 12:00:00,ev_C,C,3,
20170805043700,2017-08-05 04:37:00,2017-08-05 12:00:00,ev_C,C,14,
20170805043710,2017-08-05 04:37:10,2017-08-05 12:00:00,ev_C,C,10,
20170805043720,2017-08-05 04:37:20,2017-08-05 12:00:00,ev_C,C,18,
20170805043730,2017-08-05 04:37:30,2017-08-05 12:00:00,ev_C,C,15,
20170805043740,2017-08-05 04:37:40,2017-08-05 12:00:00,ev_N,K,4,
20170805043750,2017-08-05 04:37:50,2017-08-05 12:00:00,ev_C,C,8,
20170805043800,2017-08-05 04:38:00,2017-08-05 12:00:00,ev_C,C,14,
20170805043810,2017-08-05 04:38:10,2017-08-05 12:00:00,ev_N,K,1,
20170805043820,2017-08-05 04:38:20,2017-08-05 12:00:00,ev_C,C,9,
20170805043830,2017-08-05 04:38:30,2017-08-05 12:00:00,ev_C,C,2,
20170805043840,2017-08-05 04:38:40,2017-08-05 12:00:00,ev_C,C,16,
20170805043850,2017-08-05 04:38:50,2017-08-05 12:00:00,ev_K,K,2,
20170805043900,2017-08-05 04:39:00,2017-08-05 12:00:00,ev_C,C,17,
20170805043910,2017-08-05 04:39:10,2017-08-05 12:00:00,ev_N,K,4,
20170805043920,2017-08-05 04:39:20,2017-08-05 12:00:00,ev_C,C,1,
20170805043930,2017-08-05 04:39:30,2017-08-05 12:00:00,ev_N,K,4,
20170805043940,2017-08-05 04:39:40,2017-08-05 12:00:00,ev_C,C,6,
20170805043950,2017-08-05 04:39:50,2017-08-05 12:00:00,ev_C,C,1,
20170805044000,2017-08-05 04:40:00,2017-08-05 12:00:00,ev_K,K,5,
20170805044010,2017-08-05 04:40:10,2017-08-05 12:00:00,ev_C,C,20,
20170805044020,2017-08-05 04:40:20,2017-08-05 12:00:00,ev_C,C,11,
20170805044030,2017-08-05 04:40:30,2017-08-05 12:00:00,ev_C,C,15,
20170805044040,2017-08-05 04:40:40,2017-08-05 12:00:00,ev_K,K,3,
20170805044050,2017-08-05 04:40:50,2017-08-05 12:00:00,ev_K,K,5,
20170805044100,2017-08-05 04:41:00,2017-08-05 12:00:00,ev_C,C,20,
20170805044110,2017-08-05 04:41:10,2017-08-05 12:00:00,ev_C,C,18,
20170805044120,2017-08-05 04:41:20,2017-08-05 12:00:00,ev_C,C,11,
20170805044130,2017-08-05 04:41:30,2017-08-05 12:00:00,ev_K,K,5,
20170805044140,2017-08-05 04:41:40,2017-08-05 12:00:00,ev_C,C,6,
20170805044150,2017-08-05 04:41:50,2017-08-05 12:00:00,ev_C,C,7,
20170805044200,2017-08-05 04:42:00,2017-08-05 12:00:00,ev_C,C,6,
20170805044210,2017-08-05 04:42:10,2017-08-05 12:00:00,ev_C,C,18,
20170805044220,2017-08-05 04:42:20,2017-08-05 12:00:00,ev_N,K,1,
20170805044230,2017-08-05 04:42:30,2017-08-05 12:00:00,ev_C,C,14,
20170805044240,2017-08-05 04:42:40,2017-08-05 12:00:00,ev_C,C,7,
20170805044250,2017-08-05 04:42:50,2017-08-05 12:00:00,ev_C,C,17,
20170805044300,2017-08-05 04:43:00,2017-08-05 12:00:00,ev_K,K,5,
20170805044310,2017-08-05 04:43:10,2017-08-05 12:00:00,ev_C,C,4,
20170805044320,2017-08-05 04:43:20,2017-08-05 12:00:00,ev_C,C,9,
20170805044330,2017-08-05 04:43:30,2017-08-05 12:00:00,ev_K,K,2,
20170805044340,2017-08-05 04:43:40,2017-08-05 12:00:00,ev_C,C,16,
20170805044350,2017-08-05 04:43:50,2017-08-05 12:00:00,ev_C,C,15,
20170805044400,2017-08-05 04:44:00,2017-08-05 12:00:00,ev_C,C,16,
20170805044410,2017-08-05 04:44:10,2017-08-05 12:00:00,ev_C,C,9,
20170805044420,2017-08-05 04:44:20,2017-08-05 12:00:00,ev_K,K,3,
20170805044430,2017-08-05 04:44:30,2017-08-05 12:00:00,ev_C,C,15,
20170805044440,2017-08-05 04:44:40,2017-08-05 12:00:00,ev_C,C,1,
20170805044450,2017-08-05 04:44:50,2017-08-05 12:00:00,ev_C,C,13,
20170805044500,2017-08-05 04:45:00,2017-08-05 12:00:00,ev_C,C,10,
20170805044510,2017-08-05 04:45:10,2017-08-05 12:00:00,ev_C,C,9,
20170805044520,2017-08-05 04:45:20,2017-08-05 12:00:00,ev_K,K,3,
20170805044530,2017-08-05 04:45:30,2017-08-05 12:00:00,ev_C,C,17,
20170805044540,2017-08-05 04:45:40,2017-08-05 12:00:00,ev_K,K,4,
20170805044550,2017-08-05 04:45:50,2017-08-05 12:00:00,ev_K,K,3,
20170805044600,2017-08-05 04:46:00,2017-08-05 12:00:00,ev_N,K,2,
20170805044610,2017-08-05 04:46:10,2017-08-05 12:00:00,ev_C,C,13,
20170805044620,2017-08-05 04:46:20,2017-08-05 12:00:00,ev_C,C,7,
20170805044630,2017-08-05 04:46:30,2017-08-05 12:00:00,ev_N,K,1,
20170805044640,2017-08-05 04:46:40,2017-08-05 12:00:00,ev_N,K,3,
20170805044650,2017-08-05 04:46:50,2017-08-05 12:00:00,ev_C,C,5,
20170805044700,2017-08-05 04:47:00,2017-08-05 12:00:00,ev_K,K,2,
20170805044710,2017-08-05 04:47:10,2017-08-05 12:00:00,ev_C,C,20,
20170805044720,2017-08-05 04:47:20,2017-08-05 12:00:00,ev_K,K,2,
20170805044730,2017-08-05 04:47:30,2017-08-05 12:00:00,ev_C,C,15,
20170805044740,2017-08-05 04:47:40,2017-08-05 12:00:00,ev_C,C,4,
20170805044750,2017-08-05 04:47:50,2017-08-05 12:00:00,ev_C,C,12,
20170805044800,2017-08-05 04:48:00,2017-08-05 12:00:00,ev_C,C,9,
20170805044810,2017-08-05 04:48:10,2017-08-05 12:00:00,ev_C,C,7,
20170805044820,2017-08-05 04:48:20,2017-08-05 12:00:00,ev_C,C,14,
20170805044830,2017-08-05 04:48:30,2017-08-05 12:00:00,ev_C,C,18,
20170805044840,2017-08-05 04:48:40,2017-08-05 12:00:00,ev_C,C,16,
20170805044850,2017-08-05 04:48:50,2017-08-05 12:00:00,ev_C,C,17,
20170805044900,2017-08-05 04:49:00,2017-08-05 12:00:00,ev_C,C,9,
20170805044910,2017-08-05 04:49:10,2017-08-05 12:00:00,ev_K,K,3,
20170805044920,2017-08-05 04:49:20,2017-08-05 12:00:00,ev_C,C,10,
20170805044930,2017-08-05 04:49:30,2017-08-05 12:00:00,ev_C,C,20,
20170805044940,2017-08-05 04:49:40,2017-08-05 12:00:00,ev_C,C,3,
20170805044950,2017-08-05 04:49:50,2017-08-05 12:00:00,ev_C,C,19,
20170805045000,2017-08-05 04:50:00,2017-08-05 12:00:00,ev_C,C,9,
20170805045010,2017-08-05 04:50:10,2017-08-05 12:00:00,ev_C,C,16,
20170805045020,2017-08-05 04:50:20,2017-08-05 12:00:00,ev_C,C,17,
20170805045030,2017-08-05 04:50:30,2017-08-05 12:00:00,ev_C,C,20,
20170805045040,2017-08-05 04:50:40,2017-08-05 12:00:00,ev_C,C,18,
20170805045050,2017-08-05 04:50:50,2017-08-05 12:00:00,ev_C,C,12,
20170805045100,2017-08-05 04:51:00,2017-08-05 12:00:00,ev_C,C,2,
20170805045110,2017-08-05 04:51:10,2017-08-05 12:00:00,ev_C,C,18,
20170805045120,2017-08-05 04:51:20,2017-08-05 12:00:00,ev_C,C,2,
20170805045130,2017-08-05 04:51:30,2017-08-05 12:00:00,ev_C,C,7,
20170805045140,2017-08-05 04:51:40,2017-08-05 12:00:00,ev_C,C,9,
20170805045150,2017-08-05 04:51:50,2017-08-05 12:00:00,ev_C,C,12,
20170805045200,2017-08-05 04:52:00,2017-08-05 12:00:00,ev_K,K,3,
20170805045210,2017-08-05 04:52:10,2017-08-05 12:00:00,ev_K,K,3,
20170805045220,2017-08-05 04:52:20,2017-08-05 12:00:00,ev_K,K,1,
20170805045230,2017-08-05 04:52:30,2017-08-05 12:00:00,ev_C,C,4,
20170805045240,2017-08-05 04:52:40,2017-08-05 12:00:00,ev_C,C,19,
20170805045250,2017-08-05 04:52:50,2017-08-05 12:00:00,ev_K,K,2,
20170805045300,2017-08-05 04:53:00,2017-08-05 12:00:00,ev_C,C,16,
20170805045310,2017-08-05 04:53:10,2017-08-05 12:00:00,ev_K,K,4,
20170805045320,2017-08-05 04:53:20,2017-08-05 12:00:00,ev_C,C,14,
20170805045330,2017-08-05 04:53:30,2017-08-05 12:00:00,ev_K,K,1,
20170805045340,2017-08-05 04:53:40,2017-08-05 12:00:00,ev_C,C,8,
20170805045350,2017-08-05 04:53:50,2017-08-05 12:00:00,ev_K,K,1,
20170805045400,2017-08-05 04:54:00,2017-08-05 12:00:00,ev_C,C,19,
20170805045410,2017-08-05 04:54:10,2017-08-05 12:00:00,ev_C,C,2,
20170805045420,2017-08-05 04:54:20,2017-08-05 12:00:00,ev_K,K,2,
20170805045430,2017-08-05 04:54:30,2017-08-05 12:00:00,ev_K,K,2,
20170805045440,2017-08-05 04:54:40,2017-08-05 12:00:00,ev_K,K,3,
20170805045450,2017-08-05 04:54:50,2017-08-05 12:00:00,ev_C,C,18,
20170805045500,2017-08-05 04:55:00,2017-08-05 12:00:00,ev_C,C,17,
20170805045510,2017-08-05 04:55:10,2017-08-05 12:00:00,ev_C,C,18,
20170805045520,2017-08-05 04:55:20,2017-08-05 12:00:00,ev_C,C,7,
20170805045530,2017-08-05 04:55:30,2017-08-05 12:00:00,ev_C,C,8,
20170805045540,2017-08-05 04:55:40,2017-08-05 12:00:00,ev_K,K,4,
20170805045550,2017-08-05 04:55:50,2017-08-05 12:00:00,ev_N,K,1,
20170805045600,2017-08-05 04:56:00,2017-08-05 12:00:00,ev_C,C,20,
20170805045610,2017-08-05 04:56:10,2017-08-05 12:00:00,ev_C,C,6,
20170805045620,2017-08-05 04:56:20,2017-08-05 12:00:00,ev_C,C,3,
20170805045630,2017-08-05 04:56:30,2017-08-05 12:00:00,ev_C,C,11,
20170805045640,2017-08-05 04:56:40,2017-08-05 12:00:00,ev_C,C,20,
20170805045650,2017-08-05 04:56:50,2017-08-05 12:00:00,ev_C,C,4,
20170805045700,2017-08-05 04:57:00,2017-08-05 12:00:00,ev_C,C,3,
20170805045710,2017-08-05 04:57:10,2017-08-05 12:00:00,ev_C,C,7,
20170805045720,2017-08-05 04:57:20,2017-08-05 12:00:00,ev_C,C,6,
20170805045730,2017-08-05 04:57:30,2017-08-05 12:00:00,ev_K,K,2,
20170805045740,2017-08-05 04:57:40,2017-08-05 12:00:00,ev_C,C,10,
20170805045750,2017-08-05 04:57:50,2017-08-05 12:00:00,ev_C,C,11,
20170805045800,2017-08-05 04:58:00,2017-08-05 12:00:00,ev_C,C,1,
20170805045810,2017-08-05 04:58:10,2017-08-05 12:00:00,ev_C,C,6,
20170805045820,2017-08-05 04:58:20,2017-08-05 12:00:00,ev_C,C,17,
20170805045830,2017-08-05 04:58:30,2017-08-05 12:00:00,ev_K,K,1,
20170805045840,2017-08-05 04:58:40,2017-08-05 12:00:00,ev_C,C,3,
20170805045850,2017-08-05 04:58:50,2017-08-05 12:00:00,ev_C,C,4,
20170805045900,2017-08-05 04:59:00,2017-08-05 12:00:00,ev_C,C,20,
20170805045910,2017-08-05 04:59:10,2017-08-05 12:00:00,ev_K,K,4,
20170805045920,2017-08-05 04:59:20,2017-08-05 12:00:00,ev_C,C,13,
20170805045930,2017-08-05 04:59:30,2017-08-05 12:00:00,ev_C,C,7,
20170805045940,2017-08-05 04:59:40,2017-08-05 12:00:00,ev_C,C,17,
20170805045950,2017-08-05 04:59:50,2017-08-05 12:00:00,ev_C,C,12,
20170805050000,2017-08-05 05:00:00,2017-08-05 12:00:00,ev_C,C,20,
20170805050010,2017-08-05 05:00:10,2017-08-05 12:00:00,ev_N,K,5,
20170805050020,2017-08-05 05:00:20,2017-08-05 12:00:00,ev_C,C,6,
20170805050030,2017-08-05 05:00:30,2017-08-05 12:00:00,ev_C,C,20,
20170805050040,2017-08-05 05:00:40,2017-08-05 12:00:00,ev_C,C,9,
20170805050050,2017-08-05 05:00:50,2017-08-05 12:00:00,ev_K,K,2,
20170805050100,2017-08-05 05:01:00,2017-08-05 12:00:00,ev_C,C,11,
20170805050110,2017-08-05 05:01:10,2017-08-05 12:00:00,ev_C,C,3,
20170805050120,2017-08-05 05:01:20,2017-08-05 12:00:00,ev_C,C,3,
20170805050130,2017-08-05 05:01:30,2017-08-05 12:00:00,ev_C,C,9,
20170805050140,2017-08-05 05:01:40,2017-08-05 12:00:00,ev_C,C,8,
20170805050150,2017-08-05 05:01:50,2017-08-05 12:00:00,ev_C,C,13,
20170805050200,2017-08-05 05:02:00,2017-08-05 12:00:00,ev_C,C,19,
20170805050210,2017-08-05 05:02:10,2017-08-05 12:00:00,ev_C,C,5,
20170805050220,2017-08-05 05:02:20,2017-08-05 12:00:00,ev_C,C,4,
20170805050230,2017-08-05 05:02:30,2017-08-05 12:00:00,ev_C,C,3,
20170805050240,2017-08-05 05:02:40,2017-08-05 12:00:00,ev_K,K,5,
20170805050250,2017-08-05 05:02:50,2017-08-05 12:00:00,ev_C,C,6,
20170805050300,2017-08-05 05:03:00,2017-08-05 12:00:00,ev_K,K,5,
20170805050310,2017-08-05 05:03:10,2017-08-05 12:00:00,ev_C,C,5,
20170805050320,2017-08-05 05:03:20,2017-08-05 12:00:00,ev_C,C,3,
20170805050330,2017-08-05 05:03:30,2017-08-05 12:00:00,ev_C,C,4,
20170805050340,2017-08-05 05:03:40,2017-08-05 12:00:00,ev_C,C,13,
20170805050350,2017-08-05 05:03:50,2017-08-05 12:00:00,ev_C,C,16,
20170805050400,2017-08-05 05:04:00,2017-08-05 12:00:00,ev_C,C,5,
20170805050410,2017-08-05 05:04:10,2017-08-05 12:00:00,ev_K,K,4,
20170805050420,2017-08-05 05:04:20,2017-08-05 12:00:00,ev_C,C,9,
20170805050430,2017-08-05 05:04:30,2017-08-05 12:00:00,ev_C,C,1,
20170805050440,2017-08-05 05:04:40,2017-08-05 12:00:00,ev_C,C,11,
20170805050450,2017-08-05 05:04:50,2017-08-05 12:00:00,ev_C,C,1,
20170805050500,2017-08-05 05:05:00,2017-08-05 12:00:00,ev_C,C,15,
20170805050510,2017-08-05 05:05:10,2017-08-05 12:00:00,ev_C,C,19,
20170805050520,2017-08-05 05:05:20,2017-08-05 12:00:00,ev_C,C,11,
20170805050530,2017-08-05 05:05:30,2017-08-05 12:00:00,ev_C,C,3,
20170805050540,2017-08-05 05:05:40,2017-08-05 12:00:00,ev_K,K,3,
20170805050550,2017-08-05 05:05:50,2017-08-05 12:00:00,ev_N,K,5,
20170805050600,2017-08-05 05:06:00,2017-08-05 12:00:00,ev_C,C,11,
20170805050610,2017-08-05 05:06:10,2017-08-05 12:00:00,ev_C,C,16,
20170805050620,2017-08-05 05:06:20,2017-08-05 12:00:00,ev_K,K,3,
20170805050630,2017-08-05 05:06:30,2017-08-05 12:00:00,ev_C,C,16,
20170805050640,2017-08-05 05:06:40,2017-08-05 12:00:00,ev_C,C,17,
20170805050650,2017-08-05 05:06:50,2017-08-05 12:00:00,ev_C,C,11,
20170805050700,2017-08-05 05:07:00,2017-08-05 12:00:00,ev_C,C,12,
20170805050710,2017-08-05 05:07:10,2017-08-05 12:00:00,ev_K,K,4,
20170805050720,2017-08-05 05:07:20,2017-08-05 12:00:00,ev_C,C,20,
20170805050730,2017-08-05 05:07:30,2017-08-05 12:00:00,ev_K,K,5,
20170805050740,2017-08-05 05:07:40,2017-08-05 12:00:00,ev_K,K,1,
20170805050750,2017-08-05 05:07:50,2017-08-05 12:00:00,ev_C,C,14,
20170805050800,2017-08-05 05:08:00,2017-08-05 12:00:00,ev_C,C,12,
20170805050810,2017-08-05 05:08:10,2017-08-05 12:00:00,ev_C,C,16,
20170805050820,2017-08-05 05:08:20,2017-08-05 12:00:00,ev_C,C,3,
20170805050830,2017-08-05 05:08:30,2017-08-05 12:00:00,ev_K,K,5,
20170805050840,2017-08-05 05:08:40,2017-08-05 12:00:00,ev_K,K,1,
20170805050850,2017-08-05 05:08:50,2017-08-05 12:00:00,ev_C,C,5,
20170805050900,2017-08-05 05:09:00,2017-08-05 12:00:00,ev_N,K,1,
20170805050910,2017-08-05 05:09:10,2017-08-05 12:00:00,ev_C,C,1,
20170805050920,2017-08-05 05:09:20,2017-08-05 12:00:00,ev_C,C,9,
20170805050930,2017-08-05 05:09:30,2017-08-05 12:00:00,ev_K,K,5,
20170805050940,2017-08-05 05:09:40,2017-08-05 12:00:00,ev_C,C,7,
20170805050950,2017-08-05 05:09:50,2017-08-05 12:00:00,ev_K,K,1,
20170805051000,2017-08-05 05:10:00,2017-08-05 12:00:00,ev_C,C,10,
20170805051010,2017-08-05 05:10:10,2017-08-05 12:00:00,ev_C,C,9,
20170805051020,2017-08-05 05:10:20,2017-08-05 12:00:00,ev_C,C,19,
20170805051030,2017-08-05 05:10:30,2017-08-05 12:00:00,ev_C,C,5,
20170805051040,2017-08-05 05:10:40,2017-08-05 12:00:00,ev_K,K,5,
20170805051050,2017-08-05 05:10:50,2017-08-05 12:00:00,ev_C,C,6,
20170805051100,2017-08-05 05:11:00,2017-08-05 12:00:00,ev_C,C,6,
20170805051110,2017-08-05 05:11:10,2017-08-05 12:00:00,ev_C,C,4,
20170805051120,2017-08-05 05:11:20,2017-08-05 12:00:00,ev_C,C,17,
20170805051130,2017-08-05 05:11:30,2017-08-05 12:00:00,ev_C,C,17,
20170805051140,2017-08-05 05:11:40,2017-08-05 12:00:00,ev_K,K,5,
20170805051150,2017-08-05 05:11:50,2017-08-05 12:00:00,ev_C,C,8,
20170805051200,2017-08-05 05:12:00,2017-08-05 12:00:00,ev_K,K,4,
20170805051210,2017-08-05 05:12:10,2017-08-05 12:00:00,ev_C,C,7,
20170805051220,2017-08-05 05:12:20,2017-08-05 12:00:00,ev_K,K,4,
20170805051230,2017-08-05 05:12:30,2017-08-05 12:00:00,ev_C,C,2,
20170805051240,2017-08-05 05:12:40,2017-08-05 12:00:00,ev_N,K,4,
20170805051250,2017-08-05 05:12:50,2017-08-05 12:00:00,ev_C,C,12,
20170805051300,2017-08-05 05:13:00,2017-08-05 12:00:00,ev_C,C,11,
20170805051310,2017-08-05 05:13:10,2017-08-05 12:00:00,ev_C,C,19,
20170805051320,2017-08-05 05:13:20,2017-08-05 12:00:00,ev_C,C,16,
20170805051330,2017-08-05 05:13:30,2017-08-05 12:00:00,ev_C,C,13,
20170805051340,2017-08-05 05:13:40,2017-08-05 12:00:00,ev_C,C,1,
20170805051350,2017-08-05 05:13:50,2017-08-05 12:00:00,ev_C,C,1,
20170805051400,2017-08-05 05:14:00,2017-08-05 12:00:00,ev_C,C,3,
20170805051410,2017-08-05 05:14:10,2017-08-05 12:00:00,ev_C,C,5,
20170805051420,2017-08-05 05:14:20,2017-08-05 12:00:00,ev_C,C,5,
20170805051430,2017-08-05 05:14:30,2017-08-05 12:00:00,ev_C,C,18,
20170805051440,2017-08-05 05:14:40,2017-08-05 12:00:00,ev_N,K,5,
20170805051450,2017-08-05 05:14:50,2017-08-05 12:00:00,ev_K,K,1,
20170805051500,2017-08-05 05:15:00,2017-08-05 12:00:00,ev_C,C,12,
20170805051510,2017-08-05 05:15:10,2017-08-05 12:00:00,ev_K,K,4,
20170805051520,2017-08-05 05:15:20,2017-08-05 12:00:00,ev_C,C,15,
20170805051530,2017-08-05 05:15:30,2017-08-05 12:00:00,ev_C,C,6,
20170805051540,2017-08-05 05:15:40,2017-08-05 12:00:00,ev_K,K,5,
20170805051550,2017-08-05 05:15:50,2017-08-05 12:00:00,ev_C,C,2,
20170805051600,2017-08-05 05:16:00,2017-08-05 12:00:00,ev_C,C,13,
20170805051610,2017-08-05 05:16:10,2017-08-05 12:00:00,ev_K,K,2,
20170805051620,2017-08-05 05:16:20,2017-08-05 12:00:00,ev_C,C,2,
20170805051630,2017-08-05 05:16:30,2017-08-05 12:00:00,ev_C,C,3,
20170805051640,2017-08-05 05:16:40,2017-08-05 12:00:00,ev_C,C,7,
20170805051650,2017-08-05 05:16:50,2017-08-05 12:00:00,ev_C,C,8,
20170805051700,2017-08-05 05:17:00,2017-08-05 12:00:00,ev_C,C,8,
20170805051710,2017-08-05 05:17:10,2017-08-05 12:00:00,ev_C,C,12,
20170805051720,2017-08-05 05:17:20,2017-08-05 12:00:00,ev_C,C,18,
20170805051730,2017-08-05 05:17:30,2017-08-05 12:00:00,ev_K,K,3,
20170805051740,2017-08-05 05:17:40,2017-08-05 12:00:00,ev_C,C,5,
20170805051750,2017-08-05 05:17:50,2017-08-05 12:00:00,ev_K,K,1,
20170805051800,2017-08-05 05:18:00,2017-08-05 12:00:00,ev_C,C,11,
20170805051810,2017-08-05 05:18:10,2017-08-05 12:00:00,ev_C,C,11,
20170805051820,2017-08-05 05:18:20,2017-08-05 12:00:00,ev_K,K,5,
20170805051830,2017-08-05 05:18:30,2017-08-05 12:00:00,ev_C,C,1,
20170805051840,2017-08-05 05:18:40,2017-08-05 12:00:00,ev_C,C,20,
20170805051850,2017-08-05 05:18:50,2017-08-05 12:00:00,ev_C,C,16,
20170805051900,2017-08-05 05:19:00,2017-08-05 12:00:00,ev_C,C,4,
20170805051910,2017-08-05 05:19:10,2017-08-05 12:00:00,ev_C,C,11,
20170805051920,2017-08-05 05:19:20,2017-08-05 12:00:00,ev_K,K,4,
20170805051930,2017-08-05 05:19:30,2017-08-05 12:00:00,ev_C,C,19,
20170805051940,2017-08-05 05:19:40,2017-08-05 12:00:00,ev_C,C,15,
20170805051950,2017-08-05 05:19:50,2017-08-05 12:00:00,ev_N,K,5,
20170805052000,2017-08-05 05:20:00,2017-08-05 12:00:00,ev_C,C,8,
20170805052010,2017-08-05 05:20:10,2017-08-05 12:00:00,ev_C,C,3,
20170805052020,2017-08-05 05:20:20,2017-08-05 12:00:00,ev_C,C,15,
20170805052030,2017-08-05 05:20:30,2017-08-05 12:00:00,ev_C,C,20,
20170805052040,2017-08-05 05:20:40,2017-08-05 12:00:00,ev_K,K,3,
20170805052050,2017-08-05 05:20:50,2017-08-05 12:00:00,ev_C,C,13,
20170805052100,2017-08-05 05:21:00,2017-08-05 12:00:00,ev_C,C,14,
20170805052110,2017-08-05 05:21:10,2017-08-05 12:00:00,ev_N,K,4,
20170805052120,2017-08-05 05:21:20,2017-08-05 12:00:00,ev_C,C,14,
20170805052130,2017-08-05 05:21:30,2017-08-05 12:00:00,ev_C,C,16,
20170805052140,2017-08-05 05:21:40,2017-08-05 12:00:00,ev_C,C,3,
20170805052150,2017-08-05 05:21:50,2017-08-05 12:00:00,ev_K,K,2,
20170805052200,2017-08-05 05:22:00,2017-08-05 12:00:00,ev_C,C,19,
20170805052210,2017-08-05 05:22:10,2017-08-05 12:00:00,ev_C,C,10,
20170805052220,2017-08-05 05:22:20,2017-08-05 12:00:00,ev_C,C,9,
20170805052230,2017-08-05 05:22:30,2017-08-05 12:00:00,ev_C,C,12,
20170805052240,2017-08-05 05:22:40,2017-08-05 12:00:00,ev_C,C,16,
20170805052250,2017-08-05 05:22:50,2017-08-05 12:00:00,ev_C,C,12,
20170805052300,2017-08-05 05:23:00,2017-08-05 12:00:00,ev_C,C,16,
20170805052310,2017-08-05 05:23:10,2017-08-05 12:00:00,ev_C,C,19,
20170805052320,2017-08-05 05:23:20,2017-08-05 12:00:00,ev_C,C,9,
20170805052330,2017-08-05 05:23:30,2017-08-05 12:00:00,ev_C,C,14,
20170805052340,2017-08-05 05:23:40,2017-08-05 12:00:00,ev_K,K,5,
20170805052350,2017-08-05 05:23:50,2017-08-05 12:00:00,ev_C,C,20,
20170805052400,2017-08-05 05:24:00,2017-08-05 12:00:00,ev_C,C,12,
20170805052410,2017-08-05 05:24:10,2017-08-05 12:00:00,ev_C,C,15,
20170805052420,2017-08-05 05:24:20,2017-08-05 12:00:00,ev_C,C,2,
20170805052430,2017-08-05 05:24:30,2017-08-05 12:00:00,ev_K,K,5,
20170805052440,2017-08-05 05:24:40,2017-08-05 12:00:00,ev_C,C,13,
20170805052450,2017-08-05 05:24:50,2017-08-05 12:00:00,ev_C,C,12,
20170805052500,2017-08-05 05:25:00,2017-08-05 12:00:00,ev_C,C,4,
20170805052510,2017-08-05 05:25:10,2017-08-05 12:00:00,ev_C,C,20,
20170805052520,2017-08-05 05:25:20,2017-08-05 12:00:00,ev_C,C,14,
20170805052530,2017-08-05 05:25:30,2017-08-05 12:00:00,ev_C,C,19,
20170805052540,2017-08-05 05:25:40,2017-08-05 12:00:00,ev_C,C,9,
20170805052550,2017-08-05 05:25:50,2017-08-05 12:00:00,ev_C,C,10,
20170805052600,2017-08-05 05:26:00,2017-08-05 12:00:00,ev_C,C,20,
20170805052610,2017-08-05 05:26:10,2017-08-05 12:00:00,ev_N,K,1,
20170805052620,2017-08-05 05:26:20,2017-08-05 12:00:00,ev_K,K,1,
20170805052630,2017-08-05 05:26:30,2017-08-05 12:00:00,ev_C,C,17,
20170805052640,2017-08-05 05:26:40,2017-08-05 12:00:00,ev_K,K,1,
20170805052650,2017-08-05 05:26:50,2017-08-05 12:00:00,ev_K,K,3,
20170805052700,2017-08-05 05:27:00,2017-08-05 12:00:00,ev_K,K,3,
20170805052710,2017-08-05 05:27:10,2017-08-05 12:00:00,ev_K,K,5,
20170805052720,2017-08-05 05:27:20,2017-08-05 12:00:00,ev_N,K,4,
20170805052730,2017-08-05 05:27:30,2017-08-05 12:00:00,ev_C,C,11,
20170805052740,2017-08-05 05:27:40,2017-08-05 12:00:00,ev_C,C,18,
20170805052750,2017-08-05 05:27:50,2017-08-05 12:00:00,ev_C,C,19,
20170805052800,2017-08-05 05:28:00,2017-08-05 12:00:00,ev_C,C,11,
20170805052810,2017-08-05 05:28:10,2017-08-05 12:00:00,ev_K,K,5,
20170805052820,2017-08-05 05:28:20,2017-08-05 12:00:00,ev_C,C,20,
20170805052830,2017-08-05 05:28:30,2017-08-05 12:00:00,ev_C,C,13,
20170805052840,2017-08-05 05:28:40,2017-08-05 12:00:00,ev_C,C,12,
20170805052850,2017-08-05 05:28:50,2017-08-05 12:00:00,ev_C,C,15,
20170805052900,2017-08-05 05:29:00,2017-08-05 12:00:00,ev_C,C,2,
20170805052910,2017-08-05 05:29:10,2017-08-05 12:00:00,ev_K,K,4,
20170805052920,2017-08-05 05:29:20,2017-08-05 12:00:00,ev_C,C,2,
20170805052930,2017-08-05 05:29:30,2017-08-05 12:00:00,ev_C,C,3,
20170805052940,2017-08-05 05:29:40,2017-08-05 12:00:00,ev_N,K,3,
20170805052950,2017-08-05 05:29:50,2017-08-05 12:00:00,ev_N,K,4,
20170805053000,2017-08-05 05:30:00,2017-08-05 12:00:00,ev_C,C,16,
20170805053010,2017-08-05 05:30:10,2017-08-05 12:00:00,ev_C,C,9,
20170805053020,2017-08-05 05:30:20,2017-08-05 12:00:00,ev_C,C,9,
20170805053030,2017-08-05 05:30:30,2017-08-05 12:00:00,ev_C,C,15,
20170805053040,2017-08-05 05:30:40,2017-08-05 12:00:00,ev_C,C,6,
20170805053050,2017-08-05 05:30:50,2017-08-05 12:00:00,ev_C,C,4,
20170805053100,2017-08-05 05:31:00,2017-08-05 12:00:00,ev_K,K,1,
20170805053110,2017-08-05 05:31:10,2017-08-05 12:00:00,ev_C,C,19,
20170805053120,2017-08-05 05:31:20,2017-08-05 12:00:00,ev_C,C,2,
20170805053130,2017-08-05 05:31:30,2017-08-05 12:00:00,ev_C,C,17,
20170805053140,2017-08-05 05:31:40,2017-08-05 12:00:00,ev_N,K,1,
20170805053150,2017-08-05 05:31:50,2017-08-05 12:00:00,ev_C,C,18,
20170805053200,2017-08-05 05:32:00,2017-08-05 12:00:00,ev_C,C,6,
20170805053210,2017-08-05 05:32:10,2017-08-05 12:00:00,ev_N,K,4,
20170805053220,2017-08-05 05:32:20,2017-08-05 12:00:00,ev_C,C,10,
20170805053230,2017-08-05 05:32:30,2017-08-05 12:00:00,ev_N,K,5,
20170805053240,2017-08-05 05:32:40,2017-08-05 12:00:00,ev_C,C,7,
20170805053250,2017-08-05 05:32:50,2017-08-05 12:00:00,ev_C,C,19,
20170805053300,2017-08-05 05:33:00,2017-08-05 12:00:00,ev_C,C,2,
20170805053310,2017-08-05 05:33:10,2017-08-05 12:00:00,ev_C,C,2,
20170805053320,2017-08-05 05:33:20,2017-08-05 12:00:00,ev_K,K,5,
20170805053330,2017-08-05 05:33:30,2017-08-05 12:00:00,ev_C,C,8,
20170805053340,2017-08-05 05:33:40,2017-08-05 12:00:00,ev_N,K,3,
20170805053350,2017-08-05 05:33:50,2017-08-05 12:00:00,ev_C,C,7,
20170805053400,2017-08-05 05:34:00,2017-08-05 12:00:00,ev_C,C,1,
20170805053410,2017-08-05 05:34:10,2017-08-05 12:00:00,ev_K,K,2,
20170805053420,2017-08-05 05:34:20,2017-08-05 12:00:00,ev_C,C,10,
20170805053430,2017-08-05 05:34:30,2017-08-05 12:00:00,ev_C,C,6,
20170805053440,2017-08-05 05:34:40,2017-08-05 12:00:00,ev_C,C,7,
20170805053450,2017-08-05 05:34:50,2017-08-05 12:00:00,ev_C,C,12,
20170805053500,2017-08-05 05:35:00,2017-08-05 12:00:00,ev_C,C,1,
20170805053510,2017-08-05 05:35:10,2017-08-05 12:00:00,ev_K,K,5,
20170805053520,2017-08-05 05:35:20,2017-08-05 12:00:00,ev_C,C,6,
20170805053530,2017-08-05 05:35:30,2017-08-05 12:00:00,ev_C,C,10,
20170805053540,2017-08-05 05:35:40,2017-08-05 12:00:00,ev_C,C,16,
20170805053550,2017-08-05 05:35:50,2017-08-05 12:00:00,ev_C,C,1,
20170805053600,2017-08-05 05:36:00,2017-08-05 12:00:00,ev_C,C,17,
20170805053610,2017-08-05 05:36:10,2017-08-05 12:00:00,ev_N,K,3,
20170805053620,2017-08-05 05:36:20,2017-08-05 12:00:00,ev_K,K,4,
20170805053630,2017-08-05 05:36:30,2017-08-05 12:00:00,ev_C,C,20,
20170805053640,2017-08-05 05:36:40,2017-08-05 12:00:00,ev_C,C,8,
20170805053650,2017-08-05 05:36:50,2017-08-05 12:00:00,ev_C,C,9,
20170805053700,2017-08-05 05:37:00,2017-08-05 12:00:00,ev_C,C,20,
20170805053710,2017-08-05 05:37:10,2017-08-05 12:00:00,ev_K,K,5,
20170805053720,2017-08-05 05:37:20,2017-08-05 12:00:00,ev_C,C,15,
20170805053730,2017-08-05 05:37:30,2017-08-05 12:00:00,ev_C,C,8,
20170805053740,2017-08-05 05:37:40,2017-08-05 12:00:00,ev_K,K,5,
20170805053750,2017-08-05 05:37:50,2017-08-05 12:00:00,ev_K,K,3,
20170805053800,2017-08-05 05:38:00,2017-08-05 12:00:00,ev_K,K,1,
20170805053810,2017-08-05 05:38:10,2017-08-05 12:00:00,ev_C,C,13,
20170805053820,2017-08-05 05:38:20,2017-08-05 12:00:00,ev_C,C,13,
20170805053830,2017-08-05 05:38:30,2017-08-05 12:00:00,ev_C,C,15,
20170805053840,2017-08-05 05:38:40,2017-08-05 12:00:00,ev_C,C,6,
20170805053850,2017-08-05 05:38:50,2017-08-05 12:00:00,ev_C,C,9,
20170805053900,2017-08-05 05:39:00,2017-08-05 12:00:00,ev_C,C,2,
20170805053910,2017-08-05 05:39:10,2017-08-05 12:00:00,ev_C,C,2,
20170805053920,2017-08-05 05:39:20,2017-08-05 12:00:00,ev_C,C,3,
20170805053930,2017-08-05 05:39:30,2017-08-05 12:00:00,ev_C,C,6,
20170805053940,2017-08-05 05:39:40,2017-08-05 12:00:00,ev_C,C,12,
20170805053950,2017-08-05 05:39:50,2017-08-05 12:00:00,ev_C,C,3,
20170805054000,2017-08-05 05:40:00,2017-08-05 12:00:00,ev_C,C,9,
20170805054010,2017-08-05 05:40:10,2017-08-05 12:00:00,ev_C,C,19,
20170805054020,2017-08-05 05:40:20,2017-08-05 12:00:00,ev_C,C,17,
20170805054030,2017-08-05 05:40:30,2017-08-05 12:00:00,ev_C,C,17,
20170805054040,2017-08-05 05:40:40,2017-08-05 12:00:00,ev_K,K,3,
20170805054050,2017-08-05 05:40:50,2017-08-05 12:00:00,ev_C,C,3,
20170805054100,2017-08-05 05:41:00,2017-08-05 12:00:00,ev_C,C,5,
20170805054110,2017-08-05 05:41:10,2017-08-05 12:00:00,ev_C,C,5,
20170805054120,2017-08-05 05:41:20,2017-08-05 12:00:00,ev_C,C,13,
20170805054130,2017-08-05 05:41:30,2017-08-05 12:00:00,ev_C,C,16,
20170805054140,2017-08-05 05:41:40,2017-08-05 12:00:00,ev_C,C,12,
20170805054150,2017-08-05 05:41:50,2017-08-05 12:00:00,ev_C,C,8,
20170805054200,2017-08-05 05:42:00,2017-08-05 12:00:00,ev_C,C,11,
20170805054210,2017-08-05 05:42:10,2017-08-05 12:00:00,ev_C,C,11,
20170805054220,2017-08-05 05:42:20,2017-08-05 12:00:00,ev_C,C,12,
20170805054230,2017-08-05 05:42:30,2017-08-05 12:00:00,ev_C,C,12,
20170805054240,2017-08-05 05:42:40,2017-08-05 12:00:00,ev_C,C,16,
20170805054250,2017-08-05 05:42:50,2017-08-05 12:00:00,ev_K,K,1,
20170805054300,2017-08-05 05:43:00,2017-08-05 12:00:00,ev_K,K,3,
20170805054310,2017-08-05 05:43:10,2017-08-05 12:00:00,ev_K,K,3,
20170805054320,2017-08-05 05:43:20,2017-08-05 12:00:00,ev_C,C,10,
20170805054330,2017-08-05 05:43:30,2017-08-05 12:00:00,ev_C,C,20,
20170805054340,2017-08-05 05:43:40,2017-08-05 12:00:00,ev_C,C,14,
20170805054350,2017-08-05 05:43:50,2017-08-05 12:00:00,ev_C,C,9,
20170805054400,2017-08-05 05:44:00,2017-08-05 12:00:00,ev_N,K,4,
20170805054410,2017-08-05 05:44:10,2017-08-05 12:00:00,ev_K,K,4,
20170805054420,2017-08-05 05:44:20,2017-08-05 12:00:00,ev_C,C,2,
20170805054430,2017-08-05 05:44:30,2017-08-05 12:00:00,ev_C,C,5,
20170805054440,2017-08-05 05:44:40,2017-08-05 12:00:00,ev_K,K,1,
20170805054450,2017-08-05 05:44:50,2017-08-05 12:00:00,ev_C,C,17,
20170805054500,2017-08-05 05:45:00,2017-08-05 12:00:00,ev_N,K,1,
20170805054510,2017-08-05 05:45:10,2017-08-05 12:00:00,ev_C,C,15,
20170805054520,2017-08-05 05:45:20,2017-08-05 12:00:00,ev_K,K,1,
20170805054530,2017-08-05 05:45:30,2017-08-05 12:00:00,ev_K,K,4,
20170805054540,2017-08-05 05:45:40,2017-08-05 12:00:00,ev_C,C,10,
20170805054550,2017-08-05 05:45:50,2017-08-05 12:00:00,ev_C,C,13,
20170805054600,2017-08-05 05:46:00,2017-08-05 12:00:00,ev_K,K,1,
20170805054610,2017-08-05 05:46:10,2017-08-05 12:00:00,ev_C,C,1,
20170805054620,2017-08-05 05:46:20,2017-08-05 12:00:00,ev_C,C,12,
20170805054630,2017-08-05 05:46:30,2017-08-05 12:00:00,ev_C,C,4,
20170805054640,2017-08-05 05:46:40,2017-08-05 12:00:00,ev_C,C,20,
20170805054650,2017-08-05 05:46:50,2017-08-05 12:00:00,ev_K,K,4,
20170805054700,2017-08-05 05:47:00,2017-08-05 12:00:00,ev_C,C,13,
20170805054710,2017-08-05 05:47:10,2017-08-05 12:00:00,ev_C,C,17,
20170805054720,2017-08-05 05:47:20,2017-08-05 12:00:00,ev_C,C,7,
20170805054730,2017-08-05 05:47:30,2017-08-05 12:00:00,ev_C,C,6,
20170805054740,2017-08-05 05:47:40,2017-08-05 12:00:00,ev_N,K,5,
20170805054750,2017-08-05 05:47:50,2017-08-05 12:00:00,ev_C,C,3,
20170805054800,2017-08-05 05:48:00,2017-08-05 12:00:00,ev_C,C,19,
20170805054810,2017-08-05 05:48:10,2017-08-05 12:00:00,ev_N,K,2,
20170805054820,2017-08-05 05:48:20,2017-08-05 12:00:00,ev_C,C,1,
20170805054830,2017-08-05 05:48:30,2017-08-05 12:00:00,ev_K,K,4,
20170805054840,2017-08-05 05:48:40,2017-08-05 12:00:00,ev_C,C,1,
20170805054850,2017-08-05 05:48:50,2017-08-05 12:00:00,ev_K,K,4,
20170805054900,2017-08-05 05:49:00,2017-08-05 12:00:00,ev_C,C,12,
20170805054910,2017-08-05 05:49:10,2017-08-05 12:00:00,ev_C,C,6,
20170805054920,2017-08-05 05:49:20,2017-08-05 12:00:00,ev_C,C,13,
20170805054930,2017-08-05 05:49:30,2017-08-05 12:00:00,ev_C,C,19,
20170805054940,2017-08-05 05:49:40,2017-08-05 12:00:00,ev_K,K,1,
20170805054950,2017-08-05 05:49:50,2017-08-05 12:00:00,ev_N,K,3,
20170805055000,2017-08-05 05:50:00,2017-08-05 12:00:00,ev_C,C,7,
20170805055010,2017-08-05 05:50:10,2017-08-05 12:00:00,ev_C,C,9,
20170805055020,2017-08-05 05:50:20,2017-08-05 12:00:00,ev_C,C,14,
20170805055030,2017-08-05 05:50:30,2017-08-05 12:00:00,ev_C,C,11,
20170805055040,2017-08-05 05:50:40,2017-08-05 12:00:00,ev_C,C,1,
20170805055050,2017-08-05 05:50:50,2017-08-05 12:00:00,ev_C,C,4,
20170805055100,2017-08-05 05:51:00,2017-08-05 12:00:00,ev_N,K,5,
20170805055110,2017-08-05 05:51:10,2017-08-05 12:00:00,ev_C,C,6,
20170805055120,2017-08-05 05:51:20,2017-08-05 12:00:00,ev_K,K,1,
20170805055130,2017-08-05 05:51:30,2017-08-05 12:00:00,ev_K,K,5,
20170805055140,2017-08-05 05:51:40,2017-08-05 12:00:00,ev_C,C,17,
20170805055150,2017-08-05 05:51:50,2017-08-05 12:00:00,ev_C,C,16,
20170805055200,2017-08-05 05:52:00,2017-08-05 12:00:00,ev_C,C,18,
20170805055210,2017-08-05 05:52:10,2017-08-05 12:00:00,ev_K,K,1,
20170805055220,2017-08-05 05:52:20,2017-08-05 12:00:00,ev_K,K,3,
20170805055230,2017-08-05 05:52:30,2017-08-05 12:00:00,ev_C,C,10,
20170805055240,2017-08-05 05:52:40,2017-08-05 12:00:00,ev_C,C,17,
20170805055250,2017-08-05 05:52:50,2017-08-05 12:00:00,ev_C,C,8,
20170805055300,2017-08-05 05:53:00,2017-08-05 12:00:00,ev_N,K,2,
20170805055310,2017-08-05 05:53:10,2017-08-05 12:00:00,ev_C,C,3,
20170805055320,2017-08-05 05:53:20,2017-08-05 12:00:00,ev_K,K,2,
20170805055330,2017-08-05 05:53:30,2017-08-05 12:00:00,ev_C,C,11,
20170805055340,2017-08-05 05:53:40,2017-08-05 12:00:00,ev_C,C,20,
20170805055350,2017-08-05 05:53:50,2017-08-05 12:00:00,ev_N,K,5,
20170805055400,2017-08-05 05:54:00,2017-08-05 12:00:00,ev_N,K,2,
20170805055410,2017-08-05 05:54:10,2017-08-05 12:00:00,ev_C,C,19,
20170805055420,2017-08-05 05:54:20,2017-08-05 12:00:00,ev_K,K,4,
20170805055430,2017-08-05 05:54:30,2017-08-05 12:00:00,ev_C,C,3,
20170805055440,2017-08-05 05:54:40,2017-08-05 12:00:00,ev_C,C,3,
20170805055450,2017-08-05 05:54:50,2017-08-05 12:00:00,ev_N,K,1,
20170805055500,2017-08-05 05:55:00,2017-08-05 12:00:00,ev_C,C,16,
20170805055510,2017-08-05 05:55:10,2017-08-05 12:00:00,ev_K,K,3,
20170805055520,2017-08-05 05:55:20,2017-08-05 12:00:00,ev_K,K,1,
20170805055530,2017-08-05 05:55:30,2017-08-05 12:00:00,ev_K,K,3,
20170805055540,2017-08-05 05:55:40,2017-08-05 12:00:00,ev_K,K,4,
20170805055550,2017-08-05 05:55:50,2017-08-05 12:00:00,ev_K,K,1,
20170805055600,2017-08-05 05:56:00,2017-08-05 12:00:00,ev_K,K,5,
20170805055610,2017-08-05 05:56:10,2017-08-05 12:00:00,ev_K,K,3,
20170805055620,2017-08-05 05:56:20,2017-08-05 12:00:00,ev_C,C,18,
20170805055630,2017-08-05 05:56:30,2017-08-05 12:00:00,ev_C,C,10,
20170805055640,2017-08-05 05:56:40,2017-08-05 12:00:00,ev_K,K,4,
20170805055650,2017-08-05 05:56:50,2017-08-05 12:00:00,ev_C,C,2,
20170805055700,2017-08-05 05:57:00,2017-08-05 12:00:00,ev_C,C,2,
20170805055710,2017-08-05 05:57:10,2017-08-05 12:00:00,ev_C,C,19,
20170805055720,2017-08-05 05:57:20,2017-08-05 12:00:00,ev_C,C,12,
20170805055730,2017-08-05 05:57:30,2017-08-05 12:00:00,ev_C,C,14,
20170805055740,2017-08-05 05:57:40,2017-08-05 12:00:00,ev_C,C,2,
20170805055750,2017-08-05 05:57:50,2017-08-05 12:00:00,ev_K,K,3,
20170805055800,2017-08-05 05:58:00,2017-08-05 12:00:00,ev_C,C,8,
20170805055810,2017-08-05 05:58:10,2017-08-05 12:00:00,ev_K,K,4,
20170805055820,2017-08-05 05:58:20,2017-08-05 12:00:00,ev_C,C,20,
20170805055830,2017-08-05 05:58:30,2017-08-05 12:00:00,ev_C,C,14,
20170805055840,2017-08-05 05:58:40,2017-08-05 12:00:00,ev_C,C,9,
20170805055850,2017-08-05 05:58:50,2017-08-05 12:00:00,ev_C,C,2,
20170805055900,2017-08-05 05:59:00,2017-08-05 12:00:00,ev_C,C,20,
20170805055910,2017-08-05 05:59:10,2017-08-05 12:00:00,ev_C,C,4,
20170805055920,2017-08-05 05:59:20,2017-08-05 12:00:00,ev_C,C,12,
20170805055930,2017-08-05 05:59:30,2017-08-05 12:00:00,ev_C,C,13,
20170805055940,2017-08-05 05:59:40,2017-08-05 12:00:00,ev_C,C,8,
20170805055950,2017-08-05 05:59:50,2017-08-05 12:00:00,ev_C,C,7,
20170805060000,2017-08-05 06:00:00,2017-08-05 12:00:00,ev_C,C,11,
20170805060010,2017-08-05 06:00:10,2017-08-05 12:00:00,ev_C,C,18,
20170805060020,2017-08-05 06:00:20,2017-08-05 12:00:00,ev_C,C,19,
20170805060030,2017-08-05 06:00:30,2017-08-05 12:00:00,ev_N,K,5,
20170805060040,2017-08-05 06:00:40,2017-08-05 12:00:00,ev_C,C,8,
20170805060050,2017-08-05 06:00:50,2017-08-05 12:00:00,ev_C,C,17,
20170805060100,2017-08-05 06:01:00,2017-08-05 12:00:00,ev_K,K,2,
20170805060110,2017-08-05 06:01:10,2017-08-05 12:00:00,ev_C,C,16,
20170805060120,2017-08-05 06:01:20,2017-08-05 12:00:00,ev_C,C,15,
20170805060130,2017-08-05 06:01:30,2017-08-05 12:00:00,ev_C,C,12,
20170805060140,2017-08-05 06:01:40,2017-08-05 12:00:00,ev_C,C,6,
20170805060150,2017-08-05 06:01:50,2017-08-05 12:00:00,ev_C,C,12,
20170805060200,2017-08-05 06:02:00,2017-08-05 12:00:00,ev_K,K,2,
20170805060210,2017-08-05 06:02:10,2017-08-05 12:00:00,ev_K,K,1,
20170805060220,2017-08-05 06:02:20,2017-08-05 12:00:00,ev_C,C,5,
20170805060230,2017-08-05 06:02:30,2017-08-05 12:00:00,ev_N,K,1,
20170805060240,2017-08-05 06:02:40,2017-08-05 12:00:00,ev_K,K,1,
20170805060250,2017-08-05 06:02:50,2017-08-05 12:00:00,ev_C,C,3,
20170805060300,2017-08-05 06:03:00,2017-08-05 12:00:00,ev_C,C,7,
20170805060310,2017-08-05 06:03:10,2017-08-05 12:00:00,ev_C,C,11,
20170805060320,2017-08-05 06:03:20,2017-08-05 12:00:00,ev_N,K,4,
20170805060330,2017-08-05 06:03:30,2017-08-05 12:00:00,ev_N,K,5,
20170805060340,2017-08-05 06:03:40,2017-08-05 12:00:00,ev_C,C,14,
20170805060350,2017-08-05 06:03:50,2017-08-05 12:00:00,ev_C,C,17,
20170805060400,2017-08-05 06:04:00,2017-08-05 12:00:00,ev_C,C,12,
20170805060410,2017-08-05 06:04:10,2017-08-05 12:00:00,ev_C,C,18,
20170805060420,2017-08-05 06:04:20,2017-08-05 12:00:00,ev_K,K,1,
20170805060430,2017-08-05 06:04:30,2017-08-05 12:00:00,ev_C,C,17,
20170805060440,2017-08-05 06:04:40,2017-08-05 12:00:00,ev_C,C,19,
20170805060450,2017-08-05 06:04:50,2017-08-05 12:00:00,ev_N,K,1,
20170805060500,2017-08-05 06:05:00,2017-08-05 12:00:00,ev_N,K,4,
20170805060510,2017-08-05 06:05:10,2017-08-05 12:00:00,ev_C,C,9,
20170805060520,2017-08-05 06:05:20,2017-08-05 12:00:00,ev_K,K,3,
20170805060530,2017-08-05 06:05:30,2017-08-05 12:00:00,ev_N,K,5,
20170805060540,2017-08-05 06:05:40,2017-08-05 12:00:00,ev_K,K,3,
20170805060550,2017-08-05 06:05:50,2017-08-05 12:00:00,ev_C,C,19,
20170805060600,2017-08-05 06:06:00,2017-08-05 12:00:00,ev_C,C,9,
20170805060610,2017-08-05 06:06:10,2017-08-05 12:00:00,ev_C,C,5,
20170805060620,2017-08-05 06:06:20,2017-08-05 12:00:00,ev_K,K,1,
20170805060630,2017-08-05 06:06:30,2017-08-05 12:00:00,ev_C,C,19,
20170805060640,2017-08-05 06:06:40,2017-08-05 12:00:00,ev_C,C,10,
20170805060650,2017-08-05 06:06:50,2017-08-05 12:00:00,ev_C,C,1,
20170805060700,2017-08-05 06:07:00,2017-08-05 12:00:00,ev_C,C,4,
20170805060710,2017-08-05 06:07:10,2017-08-05 12:00:00,ev_C,C,11,
20170805060720,2017-08-05 06:07:20,2017-08-05 12:00:00,ev_C,C,1,
20170805060730,2017-08-05 06:07:30,2017-08-05 12:00:00,ev_C,C,1,
20170805060740,2017-08-05 06:07:40,2017-08-05 12:00:00,ev_C,C,4,
20170805060750,2017-08-05 06:07:50,2017-08-05 12:00:00,ev_K,K,3,
20170805060800,2017-08-05 06:08:00,2017-08-05 12:00:00,ev_C,C,15,
20170805060810,2017-08-05 06:08:10,2017-08-05 12:00:00,ev_C,C,4,
20170805060820,2017-08-05 06:08:20,2017-08-05 12:00:00,ev_C,C,15,
20170805060830,2017-08-05 06:08:30,2017-08-05 12:00:00,ev_C,C,16,
20170805060840,2017-08-05 06:08:40,2017-08-05 12:00:00,ev_C,C,1,
20170805060850,2017-08-05 06:08:50,2017-08-05 12:00:00,ev_C,C,19,
20170805060900,2017-08-05 06:09:00,2017-08-05 12:00:00,ev_K,K,5,
20170805060910,2017-08-05 06:09:10,2017-08-05 12:00:00,ev_C,C,2,
20170805060920,2017-08-05 06:09:20,2017-08-05 12:00:00,ev_C,C,9,
20170805060930,2017-08-05 06:09:30,2017-08-05 12:00:00,ev_C,C,17,
20170805060940,2017-08-05 06:09:40,2017-08-05 12:00:00,ev_C,C,15,
20170805060950,2017-08-05 06:09:50,2017-08-05 12:00:00,ev_C,C,15,
20170805061000,2017-08-05 06:10:00,2017-08-05 12:00:00,ev_K,K,5,
20170805061010,2017-08-05 06:10:10,2017-08-05 12:00:00,ev_C,C,2,
20170805061020,2017-08-05 06:10:20,2017-08-05 12:00:00,ev_C,C,9,
20170805061030,2017-08-05 06:10:30,2017-08-05 12:00:00,ev_N,K,3,
20170805061040,2017-08-05 06:10:40,2017-08-05 12:00:00,ev_C,C,16,
20170805061050,2017-08-05 06:10:50,2017-08-05 12:00:00,ev_C,C,14,
20170805061100,2017-08-05 06:11:00,2017-08-05 12:00:00,ev_K,K,3,
20170805061110,2017-08-05 06:11:10,2017-08-05 12:00:00,ev_N,K,3,
20170805061120,2017-08-05 06:11:20,2017-08-05 12:00:00,ev_C,C,3,
20170805061130,2017-08-05 06:11:30,2017-08-05 12:00:00,ev_N,K,3,
20170805061140,2017-08-05 06:11:40,2017-08-05 12:00:00,ev_C,C,6,
20170805061150,2017-08-05 06:11:50,2017-08-05 12:00:00,ev_C,C,17,
20170805061200,2017-08-05 06:12:00,2017-08-05 12:00:00,ev_K,K,4,
20170805061210,2017-08-05 06:12:10,2017-08-05 12:00:00,ev_C,C,14,
20170805061220,2017-08-05 06:12:20,2017-08-05 12:00:00,ev_C,C,16,
20170805061230,2017-08-05 06:12:30,2017-08-05 12:00:00,ev_C,C,16,
20170805061240,2017-08-05 06:12:40,2017-08-05 12:00:00,ev_C,C,2,
20170805061250,2017-08-05 06:12:50,2017-08-05 12:00:00,ev_N,K,2,
20170805061300,2017-08-05 06:13:00,2017-08-05 12:00:00,ev_C,C,20,
20170805061310,2017-08-05 06:13:10,2017-08-05 12:00:00,ev_C,C,18,
20170805061320,2017-08-05 06:13:20,2017-08-05 12:00:00,ev_C,C,15,
20170805061330,2017-08-05 06:13:30,2017-08-05 12:00:00,ev_C,C,9,
20170805061340,2017-08-05 06:13:40,2017-08-05 12:00:00,ev_C,C,12,
20170805061350,2017-08-05 06:13:50,2017-08-05 12:00:00,ev_K,K,1,
20170805061400,2017-08-05 06:14:00,2017-08-05 12:00:00,ev_C,C,20,
20170805061410,2017-08-05 06:14:10,2017-08-05 12:00:00,ev_C,C,11,
20170805061420,2017-08-05 06:14:20,2017-08-05 12:00:00,ev_C,C,15,
20170805061430,2017-08-05 06:14:30,2017-08-05 12:00:00,ev_C,C,13,
20170805061440,2017-08-05 06:14:40,2017-08-05 12:00:00,ev_C,C,18,
20170805061450,2017-08-05 06:14:50,2017-08-05 12:00:00,ev_C,C,12,
20170805061500,2017-08-05 06:15:00,2017-08-05 12:00:00,ev_C,C,16,
20170805061510,2017-08-05 06:15:10,2017-08-05 12:00:00,ev_C,C,1,
20170805061520,2017-08-05 06:15:20,2017-08-05 12:00:00,ev_K,K,3,
20170805061530,2017-08-05 06:15:30,2017-08-05 12:00:00,ev_C,C,20,
20170805061540,2017-08-05 06:15:40,2017-08-05 12:00:00,ev_C,C,16,
20170805061550,2017-08-05 06:15:50,2017-08-05 12:00:00,ev_C,C,14,
20170805061600,2017-08-05 06:16:00,2017-08-05 12:00:00,ev_C,C,11,
20170805061610,2017-08-05 06:16:10,2017-08-05 12:00:00,ev_C,C,10,
20170805061620,2017-08-05 06:16:20,2017-08-05 12:00:00,ev_C,C,3,
20170805061630,2017-08-05 06:16:30,2017-08-05 12:00:00,ev_C,C,15,
20170805061640,2017-08-05 06:16:40,2017-08-05 12:00:00,ev_N,K,4,
20170805061650,2017-08-05 06:16:50,2017-08-05 12:00:00,ev_N,K,5,
20170805061700,2017-08-05 06:17:00,2017-08-05 12:00:00,ev_C,C,9,
20170805061710,2017-08-05 06:17:10,2017-08-05 12:00:00,ev_C,C,18,
20170805061720,2017-08-05 06:17:20,2017-08-05 12:00:00,ev_C,C,20,
20170805061730,2017-08-05 06:17:30,2017-08-05 12:00:00,ev_K,K,4,
20170805061740,2017-08-05 06:17:40,2017-08-05 12:00:00,ev_C,C,4,
20170805061750,2017-08-05 06:17:50,2017-08-05 12:00:00,ev_K,K,2,
20170805061800,2017-08-05 06:18:00,2017-08-05 12:00:00,ev_C,C,15,
20170805061810,2017-08-05 06:18:10,2017-08-05 12:00:00,ev_C,C,19,
20170805061820,2017-08-05 06:18:20,2017-08-05 12:00:00,ev_C,C,13,
20170805061830,2017-08-05 06:18:30,2017-08-05 12:00:00,ev_K,K,1,
20170805061840,2017-08-05 06:18:40,2017-08-05 12:00:00,ev_K,K,3,
20170805061850,2017-08-05 06:18:50,2017-08-05 12:00:00,ev_C,C,8,
20170805061900,2017-08-05 06:19:00,2017-08-05 12:00:00,ev_C,C,20,
20170805061910,2017-08-05 06:19:10,2017-08-05 12:00:00,ev_K,K,3,
20170805061920,2017-08-05 06:19:20,2017-08-05 12:00:00,ev_C,C,3,
20170805061930,2017-08-05 06:19:30,2017-08-05 12:00:00,ev_C,C,14,
20170805061940,2017-08-05 06:19:40,2017-08-05 12:00:00,ev_C,C,11,
20170805061950,2017-08-05 06:19:50,2017-08-05 12:00:00,ev_C,C,15,
20170805062000,2017-08-05 06:20:00,2017-08-05 12:00:00,ev_C,C,7,
20170805062010,2017-08-05 06:20:10,2017-08-05 12:00:00,ev_C,C,13,
20170805062020,2017-08-05 06:20:20,2017-08-05 12:00:00,ev_C,C,11,
20170805062030,2017-08-05 06:20:30,2017-08-05 12:00:00,ev_C,C,19,
20170805062040,2017-08-05 06:20:40,2017-08-05 12:00:00,ev_C,C,15,
20170805062050,2017-08-05 06:20:50,2017-08-05 12:00:00,ev_C,C,16,
20170805062100,2017-08-05 06:21:00,2017-08-05 12:00:00,ev_K,K,3,
20170805062110,2017-08-05 06:21:10,2017-08-05 12:00:00,ev_C,C,6,
20170805062120,2017-08-05 06:21:20,2017-08-05 12:00:00,ev_K,K,4,
20170805062130,2017-08-05 06:21:30,2017-08-05 12:00:00,ev_K,K,3,
20170805062140,2017-08-05 06:21:40,2017-08-05 12:00:00,ev_C,C,14,
20170805062150,2017-08-05 06:21:50,2017-08-05 12:00:00,ev_C,C,15,
20170805062200,2017-08-05 06:22:00,2017-08-05 12:00:00,ev_C,C,2,
20170805062210,2017-08-05 06:22:10,2017-08-05 12:00:00,ev_K,K,4,
20170805062220,2017-08-05 06:22:20,2017-08-05 12:00:00,ev_C,C,9,
20170805062230,2017-08-05 06:22:30,2017-08-05 12:00:00,ev_C,C,2,
20170805062240,2017-08-05 06:22:40,2017-08-05 12:00:00,ev_C,C,18,
20170805062250,2017-08-05 06:22:50,2017-08-05 12:00:00,ev_C,C,17,
20170805062300,2017-08-05 06:23:00,2017-08-05 12:00:00,ev_N,K,4,
20170805062310,2017-08-05 06:23:10,2017-08-05 12:00:00,ev_C,C,8,
20170805062320,2017-08-05 06:23:20,2017-08-05 12:00:00,ev_N,K,4,
20170805062330,2017-08-05 06:23:30,2017-08-05 12:00:00,ev_C,C,1,
20170805062340,2017-08-05 06:23:40,2017-08-05 12:00:00,ev_K,K,5,
20170805062350,2017-08-05 06:23:50,2017-08-05 12:00:00,ev_C,C,14,
20170805062400,2017-08-05 06:24:00,2017-08-05 12:00:00,ev_K,K,5,
20170805062410,2017-08-05 06:24:10,2017-08-05 12:00:00,ev_C,C,14,
20170805062420,2017-08-05 06:24:20,2017-08-05 12:00:00,ev_C,C,8,
20170805062430,2017-08-05 06:24:30,2017-08-05 12:00:00,ev_C,C,19,
20170805062440,2017-08-05 06:24:40,2017-08-05 12:00:00,ev_C,C,5,
20170805062450,2017-08-05 06:24:50,2017-08-05 12:00:00,ev_C,C,19,
20170805062500,2017-08-05 06:25:00,2017-08-05 12:00:00,ev_C,C,10,
20170805062510,2017-08-05 06:25:10,2017-08-05 12:00:00,ev_C,C,16,
20170805062520,2017-08-05 06:25:20,2017-08-05 12:00:00,ev_K,K,5,
20170805062530,2017-08-05 06:25:30,2017-08-05 12:00:00,ev_N,K,3,
20170805062540,2017-08-05 06:25:40,2017-08-05 12:00:00,ev_C,C,14,
20170805062550,2017-08-05 06:25:50,2017-08-05 12:00:00,ev_K,K,3,
20170805062600,2017-08-05 06:26:00,2017-08-05 12:00:00,ev_C,C,12,
20170805062610,2017-08-05 06:26:10,2017-08-05 12:00:00,ev_C,C,17,
20170805062620,2017-08-05 06:26:20,2017-08-05 12:00:00,ev_N,K,2,
20170805062630,2017-08-05 06:26:30,2017-08-05 12:00:00,ev_C,C,13,
20170805062640,2017-08-05 06:26:40,2017-08-05 12:00:00,ev_C,C,1,
20170805062650,2017-08-05 06:26:50,2017-08-05 12:00:00,ev_C,C,8,
20170805062700,2017-08-05 06:27:00,2017-08-05 12:00:00,ev_C,C,11,
20170805062710,2017-08-05 06:27:10,2017-08-05 12:00:00,ev_C,C,3,
20170805062720,2017-08-05 06:27:20,2017-08-05 12:00:00,ev_C,C,12,
20170805062730,2017-08-05 06:27:30,2017-08-05 12:00:00,ev_C,C,16,
20170805062740,2017-08-05 06:27:40,2017-08-05 12:00:00,ev_C,C,14,
20170805062750,2017-08-05 06:27:50,2017-08-05 12:00:00,ev_C,C,19,
20170805062800,2017-08-05 06:28:00,2017-08-05 12:00:00,ev_N,K,2,
20170805062810,2017-08-05 06:28:10,2017-08-05 12:00:00,ev_C,C,12,
20170805062820,2017-08-05 06:28:20,2017-08-05 12:00:00,ev_K,K,2,
20170805062830,2017-08-05 06:28:30,2017-08-05 12:00:00,ev_C,C,7,
20170805062840,2017-08-05 06:28:40,2017-08-05 12:00:00,ev_C,C,8,
20170805062850,2017-08-05 06:28:50,2017-08-05 12:00:00,ev_C,C,4,
20170805062900,2017-08-05 06:29:00,2017-08-05 12:00:00,ev_C,C,13,
20170805062910,2017-08-05 06:29:10,2017-08-05 12:00:00,ev_K,K,4,
20170805062920,2017-08-05 06:29:20,2017-08-05 12:00:00,ev_C,C,14,
20170805062930,2017-08-05 06:29:30,2017-08-05 12:00:00,ev_C,C,19,
20170805062940,2017-08-05 06:29:40,2017-08-05 12:00:00,ev_C,C,13,
20170805062950,2017-08-05 06:29:50,2017-08-05 12:00:00,ev_C,C,17,
20170805063000,2017-08-05 06:30:00,2017-08-05 12:00:00,ev_C,C,8,
20170805063010,2017-08-05 06:30:10,2017-08-05 12:00:00,ev_N,K,1,
20170805063020,2017-08-05 06:30:20,2017-08-05 12:00:00,ev_N,K,4,
20170805063030,2017-08-05 06:30:30,2017-08-05 12:00:00,ev_C,C,20,
20170805063040,2017-08-05 06:30:40,2017-08-05 12:00:00,ev_K,K,5,
20170805063050,2017-08-05 06:30:50,2017-08-05 12:00:00,ev_C,C,13,
20170805063100,2017-08-05 06:31:00,2017-08-05 12:00:00,ev_C,C,2,
20170805063110,2017-08-05 06:31:10,2017-08-05 12:00:00,ev_C,C,8,
20170805063120,2017-08-05 06:31:20,2017-08-05 12:00:00,ev_C,C,2,
20170805063130,2017-08-05 06:31:30,2017-08-05 12:00:00,ev_C,C,14,
20170805063140,2017-08-05 06:31:40,2017-08-05 12:00:00,ev_C,C,2,
20170805063150,2017-08-05 06:31:50,2017-08-05 12:00:00,ev_C,C,17,
20170805063200,2017-08-05 06:32:00,2017-08-05 12:00:00,ev_C,C,1,
20170805063210,2017-08-05 06:32:10,2017-08-05 12:00:00,ev_K,K,1,
20170805063220,2017-08-05 06:32:20,2017-08-05 12:00:00,ev_C,C,6,
20170805063230,2017-08-05 06:32:30,2017-08-05 12:00:00,ev_C,C,19,
20170805063240,2017-08-05 06:32:40,2017-08-05 12:00:00,ev_K,K,4,
20170805063250,2017-08-05 06:32:50,2017-08-05 12:00:00,ev_C,C,17,
20170805063300,2017-08-05 06:33:00,2017-08-05 12:00:00,ev_C,C,18,
20170805063310,2017-08-05 06:33:10,2017-08-05 12:00:00,ev_C,C,13,
20170805063320,2017-08-05 06:33:20,2017-08-05 12:00:00,ev_C,C,10,
20170805063330,2017-08-05 06:33:30,2017-08-05 12:00:00,ev_N,K,1,
20170805063340,2017-08-05 06:33:40,2017-08-05 12:00:00,ev_C,C,9,
20170805063350,2017-08-05 06:33:50,2017-08-05 12:00:00,ev_C,C,9,
20170805063400,2017-08-05 06:34:00,2017-08-05 12:00:00,ev_C,C,15,
20170805063410,2017-08-05 06:34:10,2017-08-05 12:00:00,ev_C,C,20,
20170805063420,2017-08-05 06:34:20,2017-08-05 12:00:00,ev_N,K,1,
20170805063430,2017-08-05 06:34:30,2017-08-05 12:00:00,ev_C,C,14,
20170805063440,2017-08-05 06:34:40,2017-08-05 12:00:00,ev_N,K,2,
20170805063450,2017-08-05 06:34:50,2017-08-05 12:00:00,ev_C,C,20,
20170805063500,2017-08-05 06:35:00,2017-08-05 12:00:00,ev_C,C,10,
20170805063510,2017-08-05 06:35:10,2017-08-05 12:00:00,ev_K,K,5,
20170805063520,2017-08-05 06:35:20,2017-08-05 12:00:00,ev_K,K,1,
20170805063530,2017-08-05 06:35:30,2017-08-05 12:00:00,ev_C,C,5,
20170805063540,2017-08-05 06:35:40,2017-08-05 12:00:00,ev_C,C,10,
20170805063550,2017-08-05 06:35:50,2017-08-05 12:00:00,ev_C,C,11,
20170805063600,2017-08-05 06:36:00,2017-08-05 12:00:00,ev_K,K,1,
20170805063610,2017-08-05 06:36:10,2017-08-05 12:00:00,ev_C,C,7,
20170805063620,2017-08-05 06:36:20,2017-08-05 12:00:00,ev_C,C,18,
20170805063630,2017-08-05 06:36:30,2017-08-05 12:00:00,ev_C,C,12,
20170805063640,2017-08-05 06:36:40,2017-08-05 12:00:00,ev_C,C,4,
20170805063650,2017-08-05 06:36:50,2017-08-05 12:00:00,ev_C,C,17,
20170805063700,2017-08-05 06:37:00,2017-08-05 12:00:00,ev_C,C,1,
20170805063710,2017-08-05 06:37:10,2017-08-05 12:00:00,ev_C,C,5,
20170805063720,2017-08-05 06:37:20,2017-08-05 12:00:00,ev_C,C,16,
20170805063730,2017-08-05 06:37:30,2017-08-05 12:00:00,ev_C,C,10,
20170805063740,2017-08-05 06:37:40,2017-08-05 12:00:00,ev_C,C,6,
20170805063750,2017-08-05 06:37:50,2017-08-05 12:00:00,ev_C,C,14,
20170805063800,2017-08-05 06:38:00,2017-08-05 12:00:00,ev_C,C,10,
20170805063810,2017-08-05 06:38:10,2017-08-05 12:00:00,ev_C,C,9,
20170805063820,2017-08-05 06:38:20,2017-08-05 12:00:00,ev_K,K,1,
20170805063830,2017-08-05 06:38:30,2017-08-05 12:00:00,ev_C,C,16,
20170805063840,2017-08-05 06:38:40,2017-08-05 12:00:00,ev_K,K,5,
20170805063850,2017-08-05 06:38:50,2017-08-05 12:00:00,ev_C,C,9,
20170805063900,2017-08-05 06:39:00,2017-08-05 12:00:00,ev_C,C,20,
20170805063910,2017-08-05 06:39:10,2017-08-05 12:00:00,ev_C,C,14,
20170805063920,2017-08-05 06:39:20,2017-08-05 12:00:00,ev_C,C,9,
20170805063930,2017-08-05 06:39:30,2017-08-05 12:00:00,ev_C,C,1,
20170805063940,2017-08-05 06:39:40,2017-08-05 12:00:00,ev_C,C,4,
20170805063950,2017-08-05 06:39:50,2017-08-05 12:00:00,ev_C,C,1,
20170805064000,2017-08-05 06:40:00,2017-08-05 12:00:00,ev_K,K,2,
20170805064010,2017-08-05 06:40:10,2017-08-05 12:00:00,ev_C,C,11,
20170805064020,2017-08-05 06:40:20,2017-08-05 12:00:00,ev_C,C,3,
20170805064030,2017-08-05 06:40:30,2017-08-05 12:00:00,ev_K,K,3,
20170805064040,2017-08-05 06:40:40,2017-08-05 12:00:00,ev_C,C,10,
20170805064050,2017-08-05 06:40:50,2017-08-05 12:00:00,ev_C,C,11,
20170805064100,2017-08-05 06:41:00,2017-08-05 12:00:00,ev_C,C,7,
20170805064110,2017-08-05 06:41:10,2017-08-05 12:00:00,ev_C,C,20,
20170805064120,2017-08-05 06:41:20,2017-08-05 12:00:00,ev_C,C,15,
20170805064130,2017-08-05 06:41:30,2017-08-05 12:00:00,ev_K,K,3,
20170805064140,2017-08-05 06:41:40,2017-08-05 12:00:00,ev_C,C,4,
20170805064150,2017-08-05 06:41:50,2017-08-05 12:00:00,ev_K,K,1,
20170805064200,2017-08-05 06:42:00,2017-08-05 12:00:00,ev_K,K,3,
20170805064210,2017-08-05 06:42:10,2017-08-05 12:00:00,ev_C,C,19,
20170805064220,2017-08-05 06:42:20,2017-08-05 12:00:00,ev_K,K,2,
20170805064230,2017-08-05 06:42:30,2017-08-05 12:00:00,ev_C,C,19,
20170805064240,2017-08-05 06:42:40,2017-08-05 12:00:00,ev_N,K,2,
20170805064250,2017-08-05 06:42:50,2017-08-05 12:00:00,ev_C,C,2,
20170805064300,2017-08-05 06:43:00,2017-08-05 12:00:00,ev_N,K,2,
20170805064310,2017-08-05 06:43:10,2017-08-05 12:00:00,ev_N,K,5,
20170805064320,2017-08-05 06:43:20,2017-08-05 12:00:00,ev_C,C,7,
20170805064330,2017-08-05 06:43:30,2017-08-05 12:00:00,ev_K,K,2,
20170805064340,2017-08-05 06:43:40,2017-08-05 12:00:00,ev_C,C,14,
20170805064350,2017-08-05 06:43:50,2017-08-05 12:00:00,ev_C,C,17,
20170805064400,2017-08-05 06:44:00,2017-08-05 12:00:00,ev_C,C,1,
20170805064410,2017-08-05 06:44:10,2017-08-05 12:00:00,ev_K,K,1,
20170805064420,2017-08-05 06:44:20,2017-08-05 12:00:00,ev_K,K,2,
20170805064430,2017-08-05 06:44:30,2017-08-05 12:00:00,ev_C,C,9,
20170805064440,2017-08-05 06:44:40,2017-08-05 12:00:00,ev_C,C,20,
20170805064450,2017-08-05 06:44:50,2017-08-05 12:00:00,ev_N,K,2,
20170805064500,2017-08-05 06:45:00,2017-08-05 12:00:00,ev_C,C,4,
20170805064510,2017-08-05 06:45:10,2017-08-05 12:00:00,ev_K,K,3,
20170805064520,2017-08-05 06:45:20,2017-08-05 12:00:00,ev_K,K,5,
20170805064530,2017-08-05 06:45:30,2017-08-05 12:00:00,ev_C,C,7,
20170805064540,2017-08-05 06:45:40,2017-08-05 12:00:00,ev_C,C,7,
20170805064550,2017-08-05 06:45:50,2017-08-05 12:00:00,ev_C,C,15,
20170805064600,2017-08-05 06:46:00,2017-08-05 12:00:00,ev_C,C,16,
20170805064610,2017-08-05 06:46:10,2017-08-05 12:00:00,ev_C,C,1,
20170805064620,2017-08-05 06:46:20,2017-08-05 12:00:00,ev_K,K,4,
20170805064630,2017-08-05 06:46:30,2017-08-05 12:00:00,ev_C,C,20,
20170805064640,2017-08-05 06:46:40,2017-08-05 12:00:00,ev_C,C,6,
20170805064650,2017-08-05 06:46:50,2017-08-05 12:00:00,ev_K,K,5,
20170805064700,2017-08-05 06:47:00,2017-08-05 12:00:00,ev_K,K,2,
20170805064710,2017-08-05 06:47:10,2017-08-05 12:00:00,ev_C,C,16,
20170805064720,2017-08-05 06:47:20,2017-08-05 12:00:00,ev_C,C,9,
20170805064730,2017-08-05 06:47:30,2017-08-05 12:00:00,ev_N,K,2,
20170805064740,2017-08-05 06:47:40,2017-08-05 12:00:00,ev_C,C,18,
20170805064750,2017-08-05 06:47:50,2017-08-05 12:00:00,ev_K,K,4,
20170805064800,2017-08-05 06:48:00,2017-08-05 12:00:00,ev_N,K,1,
20170805064810,2017-08-05 06:48:10,2017-08-05 12:00:00,ev_C,C,17,
20170805064820,2017-08-05 06:48:20,2017-08-05 12:00:00,ev_C,C,1,
20170805064830,2017-08-05 06:48:30,2017-08-05 12:00:00,ev_K,K,4,
20170805064840,2017-08-05 06:48:40,2017-08-05 12:00:00,ev_C,C,5,
20170805064850,2017-08-05 06:48:50,2017-08-05 12:00:00,ev_N,K,1,
20170805064900,2017-08-05 06:49:00,2017-08-05 12:00:00,ev_C,C,4,
20170805064910,2017-08-05 06:49:10,2017-08-05 12:00:00,ev_K,K,1,
20170805064920,2017-08-05 06:49:20,2017-08-05 12:00:00,ev_C,C,17,
20170805064930,2017-08-05 06:49:30,2017-08-05 12:00:00,ev_K,K,2,
20170805064940,2017-08-05 06:49:40,2017-08-05 12:00:00,ev_C,C,6,
20170805064950,2017-08-05 06:49:50,2017-08-05 12:00:00,ev_C,C,2,
20170805065000,2017-08-05 06:50:00,2017-08-05 12:00:00,ev_C,C,14,
20170805065010,2017-08-05 06:50:10,2017-08-05 12:00:00,ev_C,C,12,
20170805065020,2017-08-05 06:50:20,2017-08-05 12:00:00,ev_C,C,12,
20170805065030,2017-08-05 06:50:30,2017-08-05 12:00:00,ev_C,C,11,
20170805065040,2017-08-05 06:50:40,2017-08-05 12:00:00,ev_C,C,20,
20170805065050,2017-08-05 06:50:50,2017-08-05 12:00:00,ev_C,C,14,
20170805065100,2017-08-05 06:51:00,2017-08-05 12:00:00,ev_N,K,4,
20170805065110,2017-08-05 06:51:10,2017-08-05 12:00:00,ev_C,C,19,
20170805065120,2017-08-05 06:51:20,2017-08-05 12:00:00,ev_C,C,20,
20170805065130,2017-08-05 06:51:30,2017-08-05 12:00:00,ev_C,C,2,
20170805065140,2017-08-05 06:51:40,2017-08-05 12:00:00,ev_C,C,6,
20170805065150,2017-08-05 06:51:50,2017-08-05 12:00:00,ev_N,K,5,
20170805065200,2017-08-05 06:52:00,2017-08-05 12:00:00,ev_C,C,4,
20170805065210,2017-08-05 06:52:10,2017-08-05 12:00:00,ev_C,C,4,
20170805065220,2017-08-05 06:52:20,2017-08-05 12:00:00,ev_K,K,1,
20170805065230,2017-08-05 06:52:30,2017-08-05 12:00:00,ev_K,K,2,
20170805065240,2017-08-05 06:52:40,2017-08-05 12:00:00,ev_C,C,13,
20170805065250,2017-08-05 06:52:50,2017-08-05 12:00:00,ev_N,K,5,
20170805065300,2017-08-05 06:53:00,2017-08-05 12:00:00,ev_C,C,19,
20170805065310,2017-08-05 06:53:10,2017-08-05 12:00:00,ev_C,C,12,
20170805065320,2017-08-05 06:53:20,2017-08-05 12:00:00,ev_C,C,9,
20170805065330,2017-08-05 06:53:30,2017-08-05 12:00:00,ev_C,C,10,
20170805065340,2017-08-05 06:53:40,2017-08-05 12:00:00,ev_N,K,1,
20170805065350,2017-08-05 06:53:50,2017-08-05 12:00:00,ev_C,C,17,
20170805065400,2017-08-05 06:54:00,2017-08-05 12:00:00,ev_C,C,16,
20170805065410,2017-08-05 06:54:10,2017-08-05 12:00:00,ev_C,C,2,
20170805065420,2017-08-05 06:54:20,2017-08-05 12:00:00,ev_C,C,1,
20170805065430,2017-08-05 06:54:30,2017-08-05 12:00:00,ev_C,C,11,
20170805065440,2017-08-05 06:54:40,2017-08-05 12:00:00,ev_K,K,4,
20170805065450,2017-08-05 06:54:50,2017-08-05 12:00:00,ev_C,C,16,
20170805065500,2017-08-05 06:55:00,2017-08-05 12:00:00,ev_N,K,5,
20170805065510,2017-08-05 06:55:10,2017-08-05 12:00:00,ev_C,C,7,
20170805065520,2017-08-05 06:55:20,2017-08-05 12:00:00,ev_C,C,15,
20170805065530,2017-08-05 06:55:30,2017-08-05 12:00:00,ev_K,K,5,
20170805065540,2017-08-05 06:55:40,2017-08-05 12:00:00,ev_C,C,9,
20170805065550,2017-08-05 06:55:50,2017-08-05 12:00:00,ev_C,C,4,
20170805065600,2017-08-05 06:56:00,2017-08-05 12:00:00,ev_C,C,14,
20170805065610,2017-08-05 06:56:10,2017-08-05 12:00:00,ev_C,C,2,
20170805065620,2017-08-05 06:56:20,2017-08-05 12:00:00,ev_K,K,4,
20170805065630,2017-08-05 06:56:30,2017-08-05 12:00:00,ev_C,C,5,
20170805065640,2017-08-05 06:56:40,2017-08-05 12:00:00,ev_K,K,1,
20170805065650,2017-08-05 06:56:50,2017-08-05 12:00:00,ev_C,C,9,
20170805065700,2017-08-05 06:57:00,2017-08-05 12:00:00,ev_C,C,17,
20170805065710,2017-08-05 06:57:10,2017-08-05 12:00:00,ev_K,K,5,
20170805065720,2017-08-05 06:57:20,2017-08-05 12:00:00,ev_C,C,18,
20170805065730,2017-08-05 06:57:30,2017-08-05 12:00:00,ev_K,K,4,
20170805065740,2017-08-05 06:57:40,2017-08-05 12:00:00,ev_C,C,12,
20170805065750,2017-08-05 06:57:50,2017-08-05 12:00:00,ev_K,K,1,
20170805065800,2017-08-05 06:58:00,2017-08-05 12:00:00,ev_C,C,10,
20170805065810,2017-08-05 06:58:10,2017-08-05 12:00:00,ev_N,K,4,
20170805065820,2017-08-05 06:58:20,2017-08-05 12:00:00,ev_N,K,4,
20170805065830,2017-08-05 06:58:30,2017-08-05 12:00:00,ev_C,C,11,
20170805065840,2017-08-05 06:58:40,2017-08-05 12:00:00,ev_K,K,1,
20170805065850,2017-08-05 06:58:50,2017-08-05 12:00:00,ev_C,C,16,
20170805065900,2017-08-05 06:59:00,2017-08-05 12:00:00,ev_C,C,14,
20170805065910,2017-08-05 06:59:10,2017-08-05 12:00:00,ev_K,K,2,
20170805065920,2017-08-05 06:59:20,2017-08-05 12:00:00,ev_C,C,4,
20170805065930,2017-08-05 06:59:30,2017-08-05 12:00:00,ev_C,C,19,
20170805065940,2017-08-05 06:59:40,2017-08-05 12:00:00,ev_C,C,11,
20170805065950,2017-08-05 06:59:50,2017-08-05 12:00:00,ev_C,C,14,
20170805070000,2017-08-05 07:00:00,2017-08-05 12:00:00,ev_C,C,14,
20170805070010,2017-08-05 07:00:10,2017-08-05 12:00:00,ev_K,K,3,
20170805070020,2017-08-05 07:00:20,2017-08-05 12:00:00,ev_C,C,6,
20170805070030,2017-08-05 07:00:30,2017-08-05 12:00:00,ev_C,C,10,
20170805070040,2017-08-05 07:00:40,2017-08-05 12:00:00,ev_C,C,1,
20170805070050,2017-08-05 07:00:50,2017-08-05 12:00:00,ev_C,C,6,
20170805070100,2017-08-05 07:01:00,2017-08-05 12:00:00,ev_C,C,17,
20170805070110,2017-08-05 07:01:10,2017-08-05 12:00:00,ev_C,C,1,
20170805070120,2017-08-05 07:01:20,2017-08-05 12:00:00,ev_N,K,5,
20170805070130,2017-08-05 07:01:30,2017-08-05 12:00:00,ev_C,C,7,
20170805070140,2017-08-05 07:01:40,2017-08-05 12:00:00,ev_K,K,2,
20170805070150,2017-08-05 07:01:50,2017-08-05 12:00:00,ev_C,C,18,
20170805070200,2017-08-05 07:02:00,2017-08-05 12:00:00,ev_N,K,4,
20170805070210,2017-08-05 07:02:10,2017-08-05 12:00:00,ev_C,C,7,
20170805070220,2017-08-05 07:02:20,2017-08-05 12:00:00,ev_C,C,13,
20170805070230,2017-08-05 07:02:30,2017-08-05 12:00:00,ev_C,C,18,
20170805070240,2017-08-05 07:02:40,2017-08-05 12:00:00,ev_C,C,5,
20170805070250,2017-08-05 07:02:50,2017-08-05 12:00:00,ev_C,C,4,
20170805070300,2017-08-05 07:03:00,2017-08-05 12:00:00,ev_C,C,17,
20170805070310,2017-08-05 07:03:10,2017-08-05 12:00:00,ev_C,C,7,
20170805070320,2017-08-05 07:03:20,2017-08-05 12:00:00,ev_C,C,6,
20170805070330,2017-08-05 07:03:30,2017-08-05 12:00:00,ev_N,K,2,
20170805070340,2017-08-05 07:03:40,2017-08-05 12:00:00,ev_K,K,3,
20170805070350,2017-08-05 07:03:50,2017-08-05 12:00:00,ev_K,K,3,
20170805070400,2017-08-05 07:04:00,2017-08-05 12:00:00,ev_C,C,14,
20170805070410,2017-08-05 07:04:10,2017-08-05 12:00:00,ev_K,K,5,
20170805070420,2017-08-05 07:04:20,2017-08-05 12:00:00,ev_C,C,15,
20170805070430,2017-08-05 07:04:30,2017-08-05 12:00:00,ev_C,C,16,
20170805070440,2017-08-05 07:04:40,2017-08-05 12:00:00,ev_K,K,2,
20170805070450,2017-08-05 07:04:50,2017-08-05 12:00:00,ev_N,K,2,
20170805070500,2017-08-05 07:05:00,2017-08-05 12:00:00,ev_C,C,14,
20170805070510,2017-08-05 07:05:10,2017-08-05 12:00:00,ev_C,C,19,
20170805070520,2017-08-05 07:05:20,2017-08-05 12:00:00,ev_C,C,9,
20170805070530,2017-08-05 07:05:30,2017-08-05 12:00:00,ev_K,K,1,
20170805070540,2017-08-05 07:05:40,2017-08-05 12:00:00,ev_C,C,18,
20170805070550,2017-08-05 07:05:50,2017-08-05 12:00:00,ev_C,C,16,
20170805070600,2017-08-05 07:06:00,2017-08-05 12:00:00,ev_C,C,14,
20170805070610,2017-08-05 07:06:10,2017-08-05 12:00:00,ev_K,K,3,
20170805070620,2017-08-05 07:06:20,2017-08-05 12:00:00,ev_K,K,3,
20170805070630,2017-08-05 07:06:30,2017-08-05 12:00:00,ev_C,C,7,
20170805070640,2017-08-05 07:06:40,2017-08-05 12:00:00,ev_K,K,3,
20170805070650,2017-08-05 07:06:50,2017-08-05 12:00:00,ev_C,C,2,
20170805070700,2017-08-05 07:07:00,2017-08-05 12:00:00,ev_N,K,5,
20170805070710,2017-08-05 07:07:10,2017-08-05 12:00:00,ev_C,C,7,
20170805070720,2017-08-05 07:07:20,2017-08-05 12:00:00,ev_C,C,1,
20170805070730,2017-08-05 07:07:30,2017-08-05 12:00:00,ev_C,C,7,
20170805070740,2017-08-05 07:07:40,2017-08-05 12:00:00,ev_K,K,5,
20170805070750,2017-08-05 07:07:50,2017-08-05 12:00:00,ev_N,K,5,
20170805070800,2017-08-05 07:08:00,2017-08-05 12:00:00,ev_C,C,14,
20170805070810,2017-08-05 07:08:10,2017-08-05 12:00:00,ev_K,K,4,
20170805070820,2017-08-05 07:08:20,2017-08-05 12:00:00,ev_K,K,5,
20170805070830,2017-08-05 07:08:30,2017-08-05 12:00:00,ev_C,C,1,
20170805070840,2017-08-05 07:08:40,2017-08-05 12:00:00,ev_C,C,11,
20170805070850,2017-08-05 07:08:50,2017-08-05 12:00:00,ev_N,K,1,
20170805070900,2017-08-05 07:09:00,2017-08-05 12:00:00,ev_C,C,9,
20170805070910,2017-08-05 07:09:10,2017-08-05 12:00:00,ev_K,K,5,
20170805070920,2017-08-05 07:09:20,2017-08-05 12:00:00,ev_C,C,19,
20170805070930,2017-08-05 07:09:30,2017-08-05 12:00:00,ev_C,C,11,
20170805070940,2017-08-05 07:09:40,2017-08-05 12:00:00,ev_N,K,4,
20170805070950,2017-08-05 07:09:50,2017-08-05 12:00:00,ev_K,K,2,
20170805071000,2017-08-05 07:10:00,2017-08-05 12:00:00,ev_C,C,16,
20170805071010,2017-08-05 07:10:10,2017-08-05 12:00:00,ev_K,K,1,
20170805071020,2017-08-05 07:10:20,2017-08-05 12:00:00,ev_C,C,2,
20170805071030,2017-08-05 07:10:30,2017-08-05 12:00:00,ev_C,C,15,
20170805071040,2017-08-05 07:10:40,2017-08-05 12:00:00,ev_C,C,12,
20170805071050,2017-08-05 07:10:50,2017-08-05 12:00:00,ev_C,C,8,
20170805071100,2017-08-05 07:11:00,2017-08-05 12:00:00,ev_K,K,3,
20170805071110,2017-08-05 07:11:10,2017-08-05 12:00:00,ev_C,C,14,
20170805071120,2017-08-05 07:11:20,2017-08-05 12:00:00,ev_C,C,10,
20170805071130,2017-08-05 07:11:30,2017-08-05 12:00:00,ev_C,C,16,
20170805071140,2017-08-05 07:11:40,2017-08-05 12:00:00,ev_C,C,18,
20170805071150,2017-08-05 07:11:50,2017-08-05 12:00:00,ev_C,C,3,
20170805071200,2017-08-05 07:12:00,2017-08-05 12:00:00,ev_C,C,16,
20170805071210,2017-08-05 07:12:10,2017-08-05 12:00:00,ev_C,C,18,
20170805071220,2017-08-05 07:12:20,2017-08-05 12:00:00,ev_C,C,10,
20170805071230,2017-08-05 07:12:30,2017-08-05 12:00:00,ev_C,C,8,
20170805071240,2017-08-05 07:12:40,2017-08-05 12:00:00,ev_K,K,4,
20170805071250,2017-08-05 07:12:50,2017-08-05 12:00:00,ev_C,C,18,
20170805071300,2017-08-05 07:13:00,2017-08-05 12:00:00,ev_C,C,14,
20170805071310,2017-08-05 07:13:10,2017-08-05 12:00:00,ev_K,K,1,
20170805071320,2017-08-05 07:13:20,2017-08-05 12:00:00,ev_K,K,1,
20170805071330,2017-08-05 07:13:30,2017-08-05 12:00:00,ev_C,C,3,
20170805071340,2017-08-05 07:13:40,2017-08-05 12:00:00,ev_C,C,9,
20170805071350,2017-08-05 07:13:50,2017-08-05 12:00:00,ev_C,C,12,
20170805071400,2017-08-05 07:14:00,2017-08-05 12:00:00,ev_C,C,11,
20170805071410,2017-08-05 07:14:10,2017-08-05 12:00:00,ev_K,K,1,
20170805071420,2017-08-05 07:14:20,2017-08-05 12:00:00,ev_K,K,4,
20170805071430,2017-08-05 07:14:30,2017-08-05 12:00:00,ev_C,C,15,
20170805071440,2017-08-05 07:14:40,2017-08-05 12:00:00,ev_C,C,9,
20170805071450,2017-08-05 07:14:50,2017-08-05 12:00:00,ev_C,C,5,
20170805071500,2017-08-05 07:15:00,2017-08-05 12:00:00,ev_K,K,3,
20170805071510,2017-08-05 07:15:10,2017-08-05 12:00:00,ev_C,C,16,
20170805071520,2017-08-05 07:15:20,2017-08-05 12:00:00,ev_C,C,20,
20170805071530,2017-08-05 07:15:30,2017-08-05 12:00:00,ev_C,C,13,
20170805071540,2017-08-05 07:15:40,2017-08-05 12:00:00,ev_C,C,19,
20170805071550,2017-08-05 07:15:50,2017-08-05 12:00:00,ev_N,K,4,
20170805071600,2017-08-05 07:16:00,2017-08-05 12:00:00,ev_C,C,1,
20170805071610,2017-08-05 07:16:10,2017-08-05 12:00:00,ev_K,K,1,
20170805071620,2017-08-05 07:16:20,2017-08-05 12:00:00,ev_K,K,2,
20170805071630,2017-08-05 07:16:30,2017-08-05 12:00:00,ev_C,C,16,
20170805071640,2017-08-05 07:16:40,2017-08-05 12:00:00,ev_C,C,18,
20170805071650,2017-08-05 07:16:50,2017-08-05 12:00:00,ev_C,C,13,
20170805071700,2017-08-05 07:17:00,2017-08-05 12:00:00,ev_C,C,10,
20170805071710,2017-08-05 07:17:10,2017-08-05 12:00:00,ev_C,C,10,
20170805071720,2017-08-05 07:17:20,2017-08-05 12:00:00,ev_C,C,8,
20170805071730,2017-08-05 07:17:30,2017-08-05 12:00:00,ev_C,C,20,
20170805071740,2017-08-05 07:17:40,2017-08-05 12:00:00,ev_C,C,16,
20170805071750,2017-08-05 07:17:50,2017-08-05 12:00:00,ev_C,C,8,
20170805071800,2017-08-05 07:18:00,2017-08-05 12:00:00,ev_K,K,3,
20170805071810,2017-08-05 07:18:10,2017-08-05 12:00:00,ev_C,C,9,
20170805071820,2017-08-05 07:18:20,2017-08-05 12:00:00,ev_C,C,16,
20170805071830,2017-08-05 07:18:30,2017-08-05 12:00:00,ev_C,C,14,
20170805071840,2017-08-05 07:18:40,2017-08-05 12:00:00,ev_C,C,5,
20170805071850,2017-08-05 07:18:50,2017-08-05 12:00:00,ev_C,C,6,
20170805071900,2017-08-05 07:19:00,2017-08-05 12:00:00,ev_C,C,5,
20170805071910,2017-08-05 07:19:10,2017-08-05 12:00:00,ev_C,C,13,
20170805071920,2017-08-05 07:19:20,2017-08-05 12:00:00,ev_K,K,4,
20170805071930,2017-08-05 07:19:30,2017-08-05 12:00:00,ev_K,K,4,
20170805071940,2017-08-05 07:19:40,2017-08-05 12:00:00,ev_N,K,3,
20170805071950,2017-08-05 07:19:50,2017-08-05 12:00:00,ev_C,C,1,
20170805072000,2017-08-05 07:20:00,2017-08-05 12:00:00,ev_N,K,2,
20170805072010,2017-08-05 07:20:10,2017-08-05 12:00:00,ev_C,C,6,
20170805072020,2017-08-05 07:20:20,2017-08-05 12:00:00,ev_C,C,4,
20170805072030,2017-08-05 07:20:30,2017-08-05 12:00:00,ev_C,C,20,
20170805072040,2017-08-05 07:20:40,2017-08-05 12:00:00,ev_C,C,15,
20170805072050,2017-08-05 07:20:50,2017-08-05 12:00:00,ev_K,K,4,
20170805072100,2017-08-05 07:21:00,2017-08-05 12:00:00,ev_C,C,5,
20170805072110,2017-08-05 07:21:10,2017-08-05 12:00:00,ev_C,C,17,
20170805072120,2017-08-05 07:21:20,2017-08-05 12:00:00,ev_C,C,8,
20170805072130,2017-08-05 07:21:30,2017-08-05 12:00:00,ev_C,C,5,
20170805072140,2017-08-05 07:21:40,2017-08-05 12:00:00,ev_C,C,4,
20170805072150,2017-08-05 07:21:50,2017-08-05 12:00:00,ev_C,C,2,
20170805072200,2017-08-05 07:22:00,2017-08-05 12:00:00,ev_C,C,15,
20170805072210,2017-08-05 07:22:10,2017-08-05 12:00:00,ev_C,C,6,
20170805072220,2017-08-05 07:22:20,2017-08-05 12:00:00,ev_C,C,2,
20170805072230,2017-08-05 07:22:30,2017-08-05 12:00:00,ev_K,K,5,
20170805072240,2017-08-05 07:22:40,2017-08-05 12:00:00,ev_C,C,13,
20170805072250,2017-08-05 07:22:50,2017-08-05 12:00:00,ev_C,C,14,
20170805072300,2017-08-05 07:23:00,2017-08-05 12:00:00,ev_C,C,8,
20170805072310,2017-08-05 07:23:10,2017-08-05 12:00:00,ev_N,K,1,
20170805072320,2017-08-05 07:23:20,2017-08-05 12:00:00,ev_C,C,17,
20170805072330,2017-08-05 07:23:30,2017-08-05 12:00:00,ev_C,C,18,
20170805072340,2017-08-05 07:23:40,2017-08-05 12:00:00,ev_C,C,3,
20170805072350,2017-08-05 07:23:50,2017-08-05 12:00:00,ev_C,C,3,
20170805072400,2017-08-05 07:24:00,2017-08-05 12:00:00,ev_C,C,2,
20170805072410,2017-08-05 07:24:10,2017-08-05 12:00:00,ev_C,C,1,
20170805072420,2017-08-05 07:24:20,2017-08-05 12:00:00,ev_K,K,4,
20170805072430,2017-08-05 07:24:30,2017-08-05 12:00:00,ev_C,C,14,
20170805072440,2017-08-05 07:24:40,2017-08-05 12:00:00,ev_C,C,9,
20170805072450,2017-08-05 07:24:50,2017-08-05 12:00:00,ev_C,C,15,
20170805072500,2017-08-05 07:25:00,2017-08-05 12:00:00,ev_C,C,19,
20170805072510,2017-08-05 07:25:10,2017-08-05 12:00:00,ev_K,K,1,
20170805072520,2017-08-05 07:25:20,2017-08-05 12:00:00,ev_C,C,2,
20170805072530,2017-08-05 07:25:30,2017-08-05 12:00:00,ev_C,C,15,
20170805072540,2017-08-05 07:25:40,2017-08-05 12:00:00,ev_C,C,7,
20170805072550,2017-08-05 07:25:50,2017-08-05 12:00:00,ev_C,C,9,
20170805072600,2017-08-05 07:26:00,2017-08-05 12:00:00,ev_C,C,17,
20170805072610,2017-08-05 07:26:10,2017-08-05 12:00:00,ev_N,K,2,
20170805072620,2017-08-05 07:26:20,2017-08-05 12:00:00,ev_C,C,11,
20170805072630,2017-08-05 07:26:30,2017-08-05 12:00:00,ev_C,C,14,
20170805072640,2017-08-05 07:26:40,2017-08-05 12:00:00,ev_C,C,16,
20170805072650,2017-08-05 07:26:50,2017-08-05 12:00:00,ev_C,C,20,
20170805072700,2017-08-05 07:27:00,2017-08-05 12:00:00,ev_C,C,13,
20170805072710,2017-08-05 07:27:10,2017-08-05 12:00:00,ev_K,K,1,
20170805072720,2017-08-05 07:27:20,2017-08-05 12:00:00,ev_K,K,2,
20170805072730,2017-08-05 07:27:30,2017-08-05 12:00:00,ev_C,C,11,
20170805072740,2017-08-05 07:27:40,2017-08-05 12:00:00,ev_C,C,11,
20170805072750,2017-08-05 07:27:50,2017-08-05 12:00:00,ev_C,C,2,
20170805072800,2017-08-05 07:28:00,2017-08-05 12:00:00,ev_C,C,5,
20170805072810,2017-08-05 07:28:10,2017-08-05 12:00:00,ev_K,K,2,
20170805072820,2017-08-05 07:28:20,2017-08-05 12:00:00,ev_K,K,4,
20170805072830,2017-08-05 07:28:30,2017-08-05 12:00:00,ev_K,K,5,
20170805072840,2017-08-05 07:28:40,2017-08-05 12:00:00,ev_C,C,7,
20170805072850,2017-08-05 07:28:50,2017-08-05 12:00:00,ev_N,K,1,
20170805072900,2017-08-05 07:29:00,2017-08-05 12:00:00,ev_C,C,20,
20170805072910,2017-08-05 07:29:10,2017-08-05 12:00:00,ev_K,K,3,
20170805072920,2017-08-05 07:29:20,2017-08-05 12:00:00,ev_K,K,5,
20170805072930,2017-08-05 07:29:30,2017-08-05 12:00:00,ev_K,K,3,
20170805072940,2017-08-05 07:29:40,2017-08-05 12:00:00,ev_K,K,2,
20170805072950,2017-08-05 07:29:50,2017-08-05 12:00:00,ev_C,C,19,
20170805073000,2017-08-05 07:30:00,2017-08-05 12:00:00,ev_C,C,10,
20170805073010,2017-08-05 07:30:10,2017-08-05 12:00:00,ev_C,C,13,
20170805073020,2017-08-05 07:30:20,2017-08-05 12:00:00,ev_C,C,9,
20170805073030,2017-08-05 07:30:30,2017-08-05 12:00:00,ev_C,C,17,
20170805073040,2017-08-05 07:30:40,2017-08-05 12:00:00,ev_K,K,2,
20170805073050,2017-08-05 07:30:50,2017-08-05 12:00:00,ev_C,C,18,
20170805073100,2017-08-05 07:31:00,2017-08-05 12:00:00,ev_C,C,4,
20170805073110,2017-08-05 07:31:10,2017-08-05 12:00:00,ev_C,C,9,
20170805073120,2017-08-05 07:31:20,2017-08-05 12:00:00,ev_K,K,5,
20170805073130,2017-08-05 07:31:30,2017-08-05 12:00:00,ev_N,K,1,
20170805073140,2017-08-05 07:31:40,2017-08-05 12:00:00,ev_K,K,3,
20170805073150,2017-08-05 07:31:50,2017-08-05 12:00:00,ev_C,C,19,
20170805073200,2017-08-05 07:32:00,2017-08-05 12:00:00,ev_K,K,3,
20170805073210,2017-08-05 07:32:10,2017-08-05 12:00:00,ev_C,C,15,
20170805073220,2017-08-05 07:32:20,2017-08-05 12:00:00,ev_C,C,8,
20170805073230,2017-08-05 07:32:30,2017-08-05 12:00:00,ev_C,C,2,
20170805073240,2017-08-05 07:32:40,2017-08-05 12:00:00,ev_C,C,4,
20170805073250,2017-08-05 07:32:50,2017-08-05 12:00:00,ev_N,K,5,
20170805073300,2017-08-05 07:33:00,2017-08-05 12:00:00,ev_C,C,6,
20170805073310,2017-08-05 07:33:10,2017-08-05 12:00:00,ev_C,C,3,
20170805073320,2017-08-05 07:33:20,2017-08-05 12:00:00,ev_C,C,11,
20170805073330,2017-08-05 07:33:30,2017-08-05 12:00:00,ev_C,C,10,
20170805073340,2017-08-05 07:33:40,2017-08-05 12:00:00,ev_C,C,16,
20170805073350,2017-08-05 07:33:50,2017-08-05 12:00:00,ev_C,C,19,
20170805073400,2017-08-05 07:34:00,2017-08-05 12:00:00,ev_C,C,14,
20170805073410,2017-08-05 07:34:10,2017-08-05 12:00:00,ev_C,C,1,
20170805073420,2017-08-05 07:34:20,2017-08-05 12:00:00,ev_N,K,5,
20170805073430,2017-08-05 07:34:30,2017-08-05 12:00:00,ev_C,C,20,
20170805073440,2017-08-05 07:34:40,2017-08-05 12:00:00,ev_C,C,18,
20170805073450,2017-08-05 07:34:50,2017-08-05 12:00:00,ev_K,K,3,
20170805073500,2017-08-05 07:35:00,2017-08-05 12:00:00,ev_C,C,18,
20170805073510,2017-08-05 07:35:10,2017-08-05 12:00:00,ev_C,C,2,
20170805073520,2017-08-05 07:35:20,2017-08-05 12:00:00,ev_C,C,3,
20170805073530,2017-08-05 07:35:30,2017-08-05 12:00:00,ev_C,C,2,
20170805073540,2017-08-05 07:35:40,2017-08-05 12:00:00,ev_C,C,10,
20170805073550,2017-08-05 07:35:50,2017-08-05 12:00:00,ev_C,C,14,
20170805073600,2017-08-05 07:36:00,2017-08-05 12:00:00,ev_C,C,12,
20170805073610,2017-08-05 07:36:10,2017-08-05 12:00:00,ev_K,K,2,
20170805073620,2017-08-05 07:36:20,2017-08-05 12:00:00,ev_C,C,3,
20170805073630,2017-08-05 07:36:30,2017-08-05 12:00:00,ev_K,K,3,
20170805073640,2017-08-05 07:36:40,2017-08-05 12:00:00,ev_C,C,5,
20170805073650,2017-08-05 07:36:50,2017-08-05 12:00:00,ev_C,C,14,
20170805073700,2017-08-05 07:37:00,2017-08-05 12:00:00,ev_C,C,1,
20170805073710,2017-08-05 07:37:10,2017-08-05 12:00:00,ev_N,K,3,
20170805073720,2017-08-05 07:37:20,2017-08-05 12:00:00,ev_K,K,4,
20170805073730,2017-08-05 07:37:30,2017-08-05 12:00:00,ev_N,K,1,
20170805073740,2017-08-05 07:37:40,2017-08-05 12:00:00,ev_C,C,16,
20170805073750,2017-08-05 07:37:50,2017-08-05 12:00:00,ev_C,C,11,
20170805073800,2017-08-05 07:38:00,2017-08-05 12:00:00,ev_C,C,1,
20170805073810,2017-08-05 07:38:10,2017-08-05 12:00:00,ev_C,C,4,
20170805073820,2017-08-05 07:38:20,2017-08-05 12:00:00,ev_C,C,14,
20170805073830,2017-08-05 07:38:30,2017-08-05 12:00:00,ev_C,C,5,
20170805073840,2017-08-05 07:38:40,2017-08-05 12:00:00,ev_K,K,3,
20170805073850,2017-08-05 07:38:50,2017-08-05 12:00:00,ev_C,C,13,
20170805073900,2017-08-05 07:39:00,2017-08-05 12:00:00,ev_K,K,5,
20170805073910,2017-08-05 07:39:10,2017-08-05 12:00:00,ev_K,K,5,
20170805073920,2017-08-05 07:39:20,2017-08-05 12:00:00,ev_K,K,4,
20170805073930,2017-08-05 07:39:30,2017-08-05 12:00:00,ev_C,C,16,
20170805073940,2017-08-05 07:39:40,2017-08-05 12:00:00,ev_C,C,17,
20170805073950,2017-08-05 07:39:50,2017-08-05 12:00:00,ev_K,K,3,
20170805074000,2017-08-05 07:40:00,2017-08-05 12:00:00,ev_C,C,5,
20170805074010,2017-08-05 07:40:10,2017-08-05 12:00:00,ev_C,C,7,
20170805074020,2017-08-05 07:40:20,2017-08-05 12:00:00,ev_K,K,5,
20170805074030,2017-08-05 07:40:30,2017-08-05 12:00:00,ev_C,C,9,
20170805074040,2017-08-05 07:40:40,2017-08-05 12:00:00,ev_C,C,10,
20170805074050,2017-08-05 07:40:50,2017-08-05 12:00:00,ev_C,C,14,
20170805074100,2017-08-05 07:41:00,2017-08-05 12:00:00,ev_K,K,2,
20170805074110,2017-08-05 07:41:10,2017-08-05 12:00:00,ev_C,C,16,
20170805074120,2017-08-05 07:41:20,2017-08-05 12:00:00,ev_C,C,18,
20170805074130,2017-08-05 07:41:30,2017-08-05 12:00:00,ev_C,C,17,
20170805074140,2017-08-05 07:41:40,2017-08-05 12:00:00,ev_C,C,6,
20170805074150,2017-08-05 07:41:50,2017-08-05 12:00:00,ev_K,K,3,
20170805074200,2017-08-05 07:42:00,2017-08-05 12:00:00,ev_C,C,19,
20170805074210,2017-08-05 07:42:10,2017-08-05 12:00:00,ev_K,K,4,
20170805074220,2017-08-05 07:42:20,2017-08-05 12:00:00,ev_C,C,4,
20170805074230,2017-08-05 07:42:30,2017-08-05 12:00:00,ev_C,C,16,
20170805074240,2017-08-05 07:42:40,2017-08-05 12:00:00,ev_K,K,3,
20170805074250,2017-08-05 07:42:50,2017-08-05 12:00:00,ev_C,C,3,
20170805074300,2017-08-05 07:43:00,2017-08-05 12:00:00,ev_C,C,4,
20170805074310,2017-08-05 07:43:10,2017-08-05 12:00:00,ev_C,C,16,
20170805074320,2017-08-05 07:43:20,2017-08-05 12:00:00,ev_C,C,3,
20170805074330,2017-08-05 07:43:30,2017-08-05 12:00:00,ev_C,C,19,
20170805074340,2017-08-05 07:43:40,2017-08-05 12:00:00,ev_C,C,17,
20170805074350,2017-08-05 07:43:50,2017-08-05 12:00:00,ev_C,C,20,
20170805074400,2017-08-05 07:44:00,2017-08-05 12:00:00,ev_C,C,2,
20170805074410,2017-08-05 07:44:10,2017-08-05 12:00:00,ev_K,K,2,
20170805074420,2017-08-05 07:44:20,2017-08-05 12:00:00,ev_C,C,9,
20170805074430,2017-08-05 07:44:30,2017-08-05 12:00:00,ev_K,K,5,
20170805074440,2017-08-05 07:44:40,2017-08-05 12:00:00,ev_K,K,4,
20170805074450,2017-08-05 07:44:50,2017-08-05 12:00:00,ev_C,C,10,
20170805074500,2017-08-05 07:45:00,2017-08-05 12:00:00,ev_C,C,5,
20170805074510,2017-08-05 07:45:10,2017-08-05 12:00:00,ev_K,K,2,
20170805074520,2017-08-05 07:45:20,2017-08-05 12:00:00,ev_N,K,3,
20170805074530,2017-08-05 07:45:30,2017-08-05 12:00:00,ev_C,C,20,
20170805074540,2017-08-05 07:45:40,2017-08-05 12:00:00,ev_C,C,14,
20170805074550,2017-08-05 07:45:50,2017-08-05 12:00:00,ev_C,C,15,
20170805074600,2017-08-05 07:46:00,2017-08-05 12:00:00,ev_K,K,3,
20170805074610,2017-08-05 07:46:10,2017-08-05 12:00:00,ev_N,K,4,
20170805074620,2017-08-05 07:46:20,2017-08-05 12:00:00,ev_C,C,10,
20170805074630,2017-08-05 07:46:30,2017-08-05 12:00:00,ev_C,C,16,
20170805074640,2017-08-05 07:46:40,2017-08-05 12:00:00,ev_C,C,10,
20170805074650,2017-08-05 07:46:50,2017-08-05 12:00:00,ev_C,C,20,
20170805074700,2017-08-05 07:47:00,2017-08-05 12:00:00,ev_C,C,16,
20170805074710,2017-08-05 07:47:10,2017-08-05 12:00:00,ev_C,C,1,
20170805074720,2017-08-05 07:47:20,2017-08-05 12:00:00,ev_K,K,3,
20170805074730,2017-08-05 07:47:30,2017-08-05 12:00:00,ev_C,C,3,
20170805074740,2017-08-05 07:47:40,2017-08-05 12:00:00,ev_C,C,12,
20170805074750,2017-08-05 07:47:50,2017-08-05 12:00:00,ev_N,K,2,
20170805074800,2017-08-05 07:48:00,2017-08-05 12:00:00,ev_K,K,5,
20170805074810,2017-08-05 07:48:10,2017-08-05 12:00:00,ev_C,C,17,
20170805074820,2017-08-05 07:48:20,2017-08-05 12:00:00,ev_K,K,2,
20170805074830,2017-08-05 07:48:30,2017-08-05 12:00:00,ev_C,C,10,
20170805074840,2017-08-05 07:48:40,2017-08-05 12:00:00,ev_C,C,16,
20170805074850,2017-08-05 07:48:50,2017-08-05 12:00:00,ev_C,C,10,
20170805074900,2017-08-05 07:49:00,2017-08-05 12:00:00,ev_K,K,2,
20170805074910,2017-08-05 07:49:10,2017-08-05 12:00:00,ev_K,K,2,
20170805074920,2017-08-05 07:49:20,2017-08-05 12:00:00,ev_C,C,4,
20170805074930,2017-08-05 07:49:30,2017-08-05 12:00:00,ev_K,K,2,
20170805074940,2017-08-05 07:49:40,2017-08-05 12:00:00,ev_C,C,11,
20170805074950,2017-08-05 07:49:50,2017-08-05 12:00:00,ev_C,C,15,
20170805075000,2017-08-05 07:50:00,2017-08-05 12:00:00,ev_C,C,17,
20170805075010,2017-08-05 07:50:10,2017-08-05 12:00:00,ev_C,C,12,
20170805075020,2017-08-05 07:50:20,2017-08-05 12:00:00,ev_C,C,19,
20170805075030,2017-08-05 07:50:30,2017-08-05 12:00:00,ev_C,C,10,
20170805075040,2017-08-05 07:50:40,2017-08-05 12:00:00,ev_C,C,8,
20170805075050,2017-08-05 07:50:50,2017-08-05 12:00:00,ev_C,C,12,
20170805075100,2017-08-05 07:51:00,2017-08-05 12:00:00,ev_C,C,2,
20170805075110,2017-08-05 07:51:10,2017-08-05 12:00:00,ev_C,C,4,
20170805075120,2017-08-05 07:51:20,2017-08-05 12:00:00,ev_C,C,19,
20170805075130,2017-08-05 07:51:30,2017-08-05 12:00:00,ev_C,C,10,
20170805075140,2017-08-05 07:51:40,2017-08-05 12:00:00,ev_C,C,14,
20170805075150,2017-08-05 07:51:50,2017-08-05 12:00:00,ev_C,C,8,
20170805075200,2017-08-05 07:52:00,2017-08-05 12:00:00,ev_K,K,4,
20170805075210,2017-08-05 07:52:10,2017-08-05 12:00:00,ev_K,K,3,
20170805075220,2017-08-05 07:52:20,2017-08-05 12:00:00,ev_C,C,4,
20170805075230,2017-08-05 07:52:30,2017-08-05 12:00:00,ev_C,C,5,
20170805075240,2017-08-05 07:52:40,2017-08-05 12:00:00,ev_C,C,8,
20170805075250,2017-08-05 07:52:50,2017-08-05 12:00:00,ev_C,C,9,
20170805075300,2017-08-05 07:53:00,2017-08-05 12:00:00,ev_C,C,14,
20170805075310,2017-08-05 07:53:10,2017-08-05 12:00:00,ev_C,C,8,
20170805075320,2017-08-05 07:53:20,2017-08-05 12:00:00,ev_C,C,8,
20170805075330,2017-08-05 07:53:30,2017-08-05 12:00:00,ev_C,C,3,
20170805075340,2017-08-05 07:53:40,2017-08-05 12:00:00,ev_C,C,2,
20170805075350,2017-08-05 07:53:50,2017-08-05 12:00:00,ev_N,K,5,
20170805075400,2017-08-05 07:54:00,2017-08-05 12:00:00,ev_C,C,20,
20170805075410,2017-08-05 07:54:10,2017-08-05 12:00:00,ev_C,C,17,
20170805075420,2017-08-05 07:54:20,2017-08-05 12:00:00,ev_C,C,13,
20170805075430,2017-08-05 07:54:30,2017-08-05 12:00:00,ev_C,C,6,
20170805075440,2017-08-05 07:54:40,2017-08-05 12:00:00,ev_N,K,2,
20170805075450,2017-08-05 07:54:50,2017-08-05 12:00:00,ev_C,C,1,
20170805075500,2017-08-05 07:55:00,2017-08-05 12:00:00,ev_K,K,4,
20170805075510,2017-08-05 07:55:10,2017-08-05 12:00:00,ev_C,C,3,
20170805075520,2017-08-05 07:55:20,2017-08-05 12:00:00,ev_C,C,1,
20170805075530,2017-08-05 07:55:30,2017-08-05 12:00:00,ev_C,C,12,
20170805075540,2017-08-05 07:55:40,2017-08-05 12:00:00,ev_C,C,11,
20170805075550,2017-08-05 07:55:50,2017-08-05 12:00:00,ev_C,C,5,
20170805075600,2017-08-05 07:56:00,2017-08-05 12:00:00,ev_K,K,2,
20170805075610,2017-08-05 07:56:10,2017-08-05 12:00:00,ev_K,K,2,
20170805075620,2017-08-05 07:56:20,2017-08-05 12:00:00,ev_C,C,9,
20170805075630,2017-08-05 07:56:30,2017-08-05 12:00:00,ev_C,C,2,
20170805075640,2017-08-05 07:56:40,2017-08-05 12:00:00,ev_C,C,11,
20170805075650,2017-08-05 07:56:50,2017-08-05 12:00:00,ev_N,K,3,
20170805075700,2017-08-05 07:57:00,2017-08-05 12:00:00,ev_C,C,12,
20170805075710,2017-08-05 07:57:10,2017-08-05 12:00:00,ev_C,C,8,
20170805075720,2017-08-05 07:57:20,2017-08-05 12:00:00,ev_K,K,4,
20170805075730,2017-08-05 07:57:30,2017-08-05 12:00:00,ev_C,C,8,
20170805075740,2017-08-05 07:57:40,2017-08-05 12:00:00,ev_C,C,14,
20170805075750,2017-08-05 07:57:50,2017-08-05 12:00:00,ev_C,C,1,
20170805075800,2017-08-05 07:58:00,2017-08-05 12:00:00,ev_C,C,12,
20170805075810,2017-08-05 07:58:10,2017-08-05 12:00:00,ev_N,K,4,
20170805075820,2017-08-05 07:58:20,2017-08-05 12:00:00,ev_C,C,19,
20170805075830,2017-08-05 07:58:30,2017-08-05 12:00:00,ev_C,C,7,
20170805075840,2017-08-05 07:58:40,2017-08-05 12:00:00,ev_C,C,14,
20170805075850,2017-08-05 07:58:50,2017-08-05 12:00:00,ev_C,C,6,
20170805075900,2017-08-05 07:59:00,2017-08-05 12:00:00,ev_C,C,3,
20170805075910,2017-08-05 07:59:10,2017-08-05 12:00:00,ev_C,C,9,
20170805075920,2017-08-05 07:59:20,2017-08-05 12:00:00,ev_C,C,6,
20170805075930,2017-08-05 07:59:30,2017-08-05 12:00:00,ev_C,C,11,
20170805075940,2017-08-05 07:59:40,2017-08-05 12:00:00,ev_N,K,2,
20170805075950,2017-08-05 07:59:50,2017-08-05 12:00:00,ev_C,C,19,
20170805080000,2017-08-05 08:00:00,2017-08-05 12:00:00,ev_C,C,4,
20170805080010,2017-08-05 08:00:10,2017-08-05 12:00:00,ev_C,C,17,
20170805080020,2017-08-05 08:00:20,2017-08-05 12:00:00,ev_N,K,3,
20170805080030,2017-08-05 08:00:30,2017-08-05 12:00:00,ev_C,C,4,
20170805080040,2017-08-05 08:00:40,2017-08-05 12:00:00,ev_C,C,10,
20170805080050,2017-08-05 08:00:50,2017-08-05 12:00:00,ev_K,K,5,
20170805080100,2017-08-05 08:01:00,2017-08-05 12:00:00,ev_C,C,9,
20170805080110,2017-08-05 08:01:10,2017-08-05 12:00:00,ev_C,C,18,
20170805080120,2017-08-05 08:01:20,2017-08-05 12:00:00,ev_C,C,6,
20170805080130,2017-08-05 08:01:30,2017-08-05 12:00:00,ev_N,K,1,
20170805080140,2017-08-05 08:01:40,2017-08-05 12:00:00,ev_K,K,4,
20170805080150,2017-08-05 08:01:50,2017-08-05 12:00:00,ev_C,C,10,
20170805080200,2017-08-05 08:02:00,2017-08-05 12:00:00,ev_C,C,10,
20170805080210,2017-08-05 08:02:10,2017-08-05 12:00:00,ev_C,C,10,
20170805080220,2017-08-05 08:02:20,2017-08-05 12:00:00,ev_C,C,1,
20170805080230,2017-08-05 08:02:30,2017-08-05 12:00:00,ev_C,C,20,
20170805080240,2017-08-05 08:02:40,2017-08-05 12:00:00,ev_C,C,3,
20170805080250,2017-08-05 08:02:50,2017-08-05 12:00:00,ev_C,C,11,
20170805080300,2017-08-05 08:03:00,2017-08-05 12:00:00,ev_C,C,18,
20170805080310,2017-08-05 08:03:10,2017-08-05 12:00:00,ev_K,K,3,
20170805080320,2017-08-05 08:03:20,2017-08-05 12:00:00,ev_C,C,13,
20170805080330,2017-08-05 08:03:30,2017-08-05 12:00:00,ev_K,K,2,
20170805080340,2017-08-05 08:03:40,2017-08-05 12:00:00,ev_C,C,11,
20170805080350,2017-08-05 08:03:50,2017-08-05 12:00:00,ev_K,K,2,
20170805080400,2017-08-05 08:04:00,2017-08-05 12:00:00,ev_C,C,5,
20170805080410,2017-08-05 08:04:10,2017-08-05 12:00:00,ev_C,C,17,
20170805080420,2017-08-05 08:04:20,2017-08-05 12:00:00,ev_N,K,1,
20170805080430,2017-08-05 08:04:30,2017-08-05 12:00:00,ev_C,C,13,
20170805080440,2017-08-05 08:04:40,2017-08-05 12:00:00,ev_N,K,3,
20170805080450,2017-08-05 08:04:50,2017-08-05 12:00:00,ev_C,C,14,
20170805080500,2017-08-05 08:05:00,2017-08-05 12:00:00,ev_C,C,12,
20170805080510,2017-08-05 08:05:10,2017-08-05 12:00:00,ev_C,C,6,
20170805080520,2017-08-05 08:05:20,2017-08-05 12:00:00,ev_C,C,4,
20170805080530,2017-08-05 08:05:30,2017-08-05 12:00:00,ev_K,K,3,
20170805080540,2017-08-05 08:05:40,2017-08-05 12:00:00,ev_K,K,5,
20170805080550,2017-08-05 08:05:50,2017-08-05 12:00:00,ev_K,K,5,
20170805080600,2017-08-05 08:06:00,2017-08-05 12:00:00,ev_C,C,12,
20170805080610,2017-08-05 08:06:10,2017-08-05 12:00:00,ev_C,C,1,
20170805080620,2017-08-05 08:06:20,2017-08-05 12:00:00,ev_N,K,2,
20170805080630,2017-08-05 08:06:30,2017-08-05 12:00:00,ev_C,C,5,
20170805080640,2017-08-05 08:06:40,2017-08-05 12:00:00,ev_C,C,10,
20170805080650,2017-08-05 08:06:50,2017-08-05 12:00:00,ev_C,C,17,
20170805080700,2017-08-05 08:07:00,2017-08-05 12:00:00,ev_K,K,2,
20170805080710,2017-08-05 08:07:10,2017-08-05 12:00:00,ev_C,C,15,
20170805080720,2017-08-05 08:07:20,2017-08-05 12:00:00,ev_N,K,5,
20170805080730,2017-08-05 08:07:30,2017-08-05 12:00:00,ev_C,C,14,
20170805080740,2017-08-05 08:07:40,2017-08-05 12:00:00,ev_N,K,3,
20170805080750,2017-08-05 08:07:50,2017-08-05 12:00:00,ev_K,K,4,
20170805080800,2017-08-05 08:08:00,2017-08-05 12:00:00,ev_C,C,7,
20170805080810,2017-08-05 08:08:10,2017-08-05 12:00:00,ev_C,C,6,
20170805080820,2017-08-05 08:08:20,2017-08-05 12:00:00,ev_N,K,5,
20170805080830,2017-08-05 08:08:30,2017-08-05 12:00:00,ev_C,C,17,
20170805080840,2017-08-05 08:08:40,2017-08-05 12:00:00,ev_C,C,20,
20170805080850,2017-08-05 08:08:50,2017-08-05 12:00:00,ev_C,C,18,
20170805080900,2017-08-05 08:09:00,2017-08-05 12:00:00,ev_C,C,5,
20170805080910,2017-08-05 08:09:10,2017-08-05 12:00:00,ev_N,K,5,
20170805080920,2017-08-05 08:09:20,2017-08-05 12:00:00,ev_N,K,4,
20170805080930,2017-08-05 08:09:30,2017-08-05 12:00:00,ev_N,K,5,
20170805080940,2017-08-05 08:09:40,2017-08-05 12:00:00,ev_C,C,9,
20170805080950,2017-08-05 08:09:50,2017-08-05 12:00:00,ev_C,C,4,
20170805081000,2017-08-05 08:10:00,2017-08-05 12:00:00,ev_K,K,5,
20170805081010,2017-08-05 08:10:10,2017-08-05 12:00:00,ev_N,K,3,
20170805081020,2017-08-05 08:10:20,2017-08-05 12:00:00,ev_C,C,18,
20170805081030,2017-08-05 08:10:30,2017-08-05 12:00:00,ev_C,C,15,
20170805081040,2017-08-05 08:10:40,2017-08-05 12:00:00,ev_C,C,3,
20170805081050,2017-08-05 08:10:50,2017-08-05 12:00:00,ev_C,C,17,
20170805081100,2017-08-05 08:11:00,2017-08-05 12:00:00,ev_K,K,2,
20170805081110,2017-08-05 08:11:10,2017-08-05 12:00:00,ev_C,C,7,
20170805081120,2017-08-05 08:11:20,2017-08-05 12:00:00,ev_C,C,14,
20170805081130,2017-08-05 08:11:30,2017-08-05 12:00:00,ev_C,C,4,
20170805081140,2017-08-05 08:11:40,2017-08-05 12:00:00,ev_C,C,7,
20170805081150,2017-08-05 08:11:50,2017-08-05 12:00:00,ev_C,C,17,
20170805081200,2017-08-05 08:12:00,2017-08-05 12:00:00,ev_N,K,2,
20170805081210,2017-08-05 08:12:10,2017-08-05 12:00:00,ev_C,C,13,
20170805081220,2017-08-05 08:12:20,2017-08-05 12:00:00,ev_K,K,5,
20170805081230,2017-08-05 08:12:30,2017-08-05 12:00:00,ev_C,C,9,
20170805081240,2017-08-05 08:12:40,2017-08-05 12:00:00,ev_C,C,7,
20170805081250,2017-08-05 08:12:50,2017-08-05 12:00:00,ev_C,C,6,
20170805081300,2017-08-05 08:13:00,2017-08-05 12:00:00,ev_K,K,5,
20170805081310,2017-08-05 08:13:10,2017-08-05 12:00:00,ev_K,K,4,
20170805081320,2017-08-05 08:13:20,2017-08-05 12:00:00,ev_C,C,14,
20170805081330,2017-08-05 08:13:30,2017-08-05 12:00:00,ev_C,C,5,
20170805081340,2017-08-05 08:13:40,2017-08-05 12:00:00,ev_C,C,8,
20170805081350,2017-08-05 08:13:50,2017-08-05 12:00:00,ev_C,C,1,
20170805081400,2017-08-05 08:14:00,2017-08-05 12:00:00,ev_C,C,6,
20170805081410,2017-08-05 08:14:10,2017-08-05 12:00:00,ev_C,C,9,
20170805081420,2017-08-05 08:14:20,2017-08-05 12:00:00,ev_K,K,4,
20170805081430,2017-08-05 08:14:30,2017-08-05 12:00:00,ev_K,K,4,
20170805081440,2017-08-05 08:14:40,2017-08-05 12:00:00,ev_K,K,3,
20170805081450,2017-08-05 08:14:50,2017-08-05 12:00:00,ev_C,C,8,
20170805081500,2017-08-05 08:15:00,2017-08-05 12:00:00,ev_N,K,1,
20170805081510,2017-08-05 08:15:10,2017-08-05 12:00:00,ev_C,C,4,
20170805081520,2017-08-05 08:15:20,2017-08-05 12:00:00,ev_K,K,4,
20170805081530,2017-08-05 08:15:30,2017-08-05 12:00:00,ev_C,C,9,
20170805081540,2017-08-05 08:15:40,2017-08-05 12:00:00,ev_N,K,2,
20170805081550,2017-08-05 08:15:50,2017-08-05 12:00:00,ev_K,K,1,
20170805081600,2017-08-05 08:16:00,2017-08-05 12:00:00,ev_K,K,5,
20170805081610,2017-08-05 08:16:10,2017-08-05 12:00:00,ev_C,C,19,
20170805081620,2017-08-05 08:16:20,2017-08-05 12:00:00,ev_C,C,2,
20170805081630,2017-08-05 08:16:30,2017-08-05 12:00:00,ev_C,C,19,
20170805081640,2017-08-05 08:16:40,2017-08-05 12:00:00,ev_K,K,3,
20170805081650,2017-08-05 08:16:50,2017-08-05 12:00:00,ev_C,C,17,
20170805081700,2017-08-05 08:17:00,2017-08-05 12:00:00,ev_C,C,16,
20170805081710,2017-08-05 08:17:10,2017-08-05 12:00:00,ev_C,C,5,
20170805081720,2017-08-05 08:17:20,2017-08-05 12:00:00,ev_C,C,4,
20170805081730,2017-08-05 08:17:30,2017-08-05 12:00:00,ev_C,C,6,
20170805081740,2017-08-05 08:17:40,2017-08-05 12:00:00,ev_C,C,19,
20170805081750,2017-08-05 08:17:50,2017-08-05 12:00:00,ev_K,K,5,
20170805081800,2017-08-05 08:18:00,2017-08-05 12:00:00,ev_N,K,3,
20170805081810,2017-08-05 08:18:10,2017-08-05 12:00:00,ev_C,C,15,
20170805081820,2017-08-05 08:18:20,2017-08-05 12:00:00,ev_C,C,19,
20170805081830,2017-08-05 08:18:30,2017-08-05 12:00:00,ev_C,C,9,
20170805081840,2017-08-05 08:18:40,2017-08-05 12:00:00,ev_C,C,15,
20170805081850,2017-08-05 08:18:50,2017-08-05 12:00:00,ev_C,C,3,
20170805081900,2017-08-05 08:19:00,2017-08-05 12:00:00,ev_C,C,1,
20170805081910,2017-08-05 08:19:10,2017-08-05 12:00:00,ev_C,C,12,
20170805081920,2017-08-05 08:19:20,2017-08-05 12:00:00,ev_C,C,17,
20170805081930,2017-08-05 08:19:30,2017-08-05 12:00:00,ev_C,C,3,
20170805081940,2017-08-05 08:19:40,2017-08-05 12:00:00,ev_C,C,8,
20170805081950,2017-08-05 08:19:50,2017-08-05 12:00:00,ev_C,C,4,
20170805082000,2017-08-05 08:20:00,2017-08-05 12:00:00,ev_N,K,3,
20170805082010,2017-08-05 08:20:10,2017-08-05 12:00:00,ev_K,K,2,
20170805082020,2017-08-05 08:20:20,2017-08-05 12:00:00,ev_C,C,8,
20170805082030,2017-08-05 08:20:30,2017-08-05 12:00:00,ev_K,K,2,
20170805082040,2017-08-05 08:20:40,2017-08-05 12:00:00,ev_N,K,5,
20170805082050,2017-08-05 08:20:50,2017-08-05 12:00:00,ev_C,C,15,
20170805082100,2017-08-05 08:21:00,2017-08-05 12:00:00,ev_K,K,2,
20170805082110,2017-08-05 08:21:10,2017-08-05 12:00:00,ev_C,C,8,
20170805082120,2017-08-05 08:21:20,2017-08-05 12:00:00,ev_C,C,14,
20170805082130,2017-08-05 08:21:30,2017-08-05 12:00:00,ev_N,K,2,
20170805082140,2017-08-05 08:21:40,2017-08-05 12:00:00,ev_C,C,3,
20170805082150,2017-08-05 08:21:50,2017-08-05 12:00:00,ev_K,K,5,
20170805082200,2017-08-05 08:22:00,2017-08-05 12:00:00,ev_K,K,3,
20170805082210,2017-08-05 08:22:10,2017-08-05 12:00:00,ev_C,C,15,
20170805082220,2017-08-05 08:22:20,2017-08-05 12:00:00,ev_C,C,10,
20170805082230,2017-08-05 08:22:30,2017-08-05 12:00:00,ev_K,K,5,
20170805082240,2017-08-05 08:22:40,2017-08-05 12:00:00,ev_C,C,20,
20170805082250,2017-08-05 08:22:50,2017-08-05 12:00:00,ev_C,C,13,
20170805082300,2017-08-05 08:23:00,2017-08-05 12:00:00,ev_C,C,2,
20170805082310,2017-08-05 08:23:10,2017-08-05 12:00:00,ev_C,C,5,
20170805082320,2017-08-05 08:23:20,2017-08-05 12:00:00,ev_C,C,3,
20170805082330,2017-08-05 08:23:30,2017-08-05 12:00:00,ev_K,K,1,
20170805082340,2017-08-05 08:23:40,2017-08-05 12:00:00,ev_C,C,10,
20170805082350,2017-08-05 08:23:50,2017-08-05 12:00:00,ev_C,C,19,
20170805082400,2017-08-05 08:24:00,2017-08-05 12:00:00,ev_C,C,19,
20170805082410,2017-08-05 08:24:10,2017-08-05 12:00:00,ev_K,K,2,
20170805082420,2017-08-05 08:24:20,2017-08-05 12:00:00,ev_K,K,2,
20170805082430,2017-08-05 08:24:30,2017-08-05 12:00:00,ev_C,C,5,
20170805082440,2017-08-05 08:24:40,2017-08-05 12:00:00,ev_K,K,1,
20170805082450,2017-08-05 08:24:50,2017-08-05 12:00:00,ev_C,C,5,
20170805082500,2017-08-05 08:25:00,2017-08-05 12:00:00,ev_C,C,11,
20170805082510,2017-08-05 08:25:10,2017-08-05 12:00:00,ev_C,C,8,
20170805082520,2017-08-05 08:25:20,2017-08-05 12:00:00,ev_C,C,7,
20170805082530,2017-08-05 08:25:30,2017-08-05 12:00:00,ev_C,C,6,
20170805082540,2017-08-05 08:25:40,2017-08-05 12:00:00,ev_C,C,13,
20170805082550,2017-08-05 08:25:50,2017-08-05 12:00:00,ev_K,K,4,
20170805082600,2017-08-05 08:26:00,2017-08-05 12:00:00,ev_C,C,17,
20170805082610,2017-08-05 08:26:10,2017-08-05 12:00:00,ev_C,C,12,
20170805082620,2017-08-05 08:26:20,2017-08-05 12:00:00,ev_K,K,4,
20170805082630,2017-08-05 08:26:30,2017-08-05 12:00:00,ev_C,C,8,
20170805082640,2017-08-05 08:26:40,2017-08-05 12:00:00,ev_C,C,8,
20170805082650,2017-08-05 08:26:50,2017-08-05 12:00:00,ev_C,C,10,
20170805082700,2017-08-05 08:27:00,2017-08-05 12:00:00,ev_K,K,1,
20170805082710,2017-08-05 08:27:10,2017-08-05 12:00:00,ev_C,C,11,
20170805082720,2017-08-05 08:27:20,2017-08-05 12:00:00,ev_C,C,9,
20170805082730,2017-08-05 08:27:30,2017-08-05 12:00:00,ev_K,K,1,
20170805082740,2017-08-05 08:27:40,2017-08-05 12:00:00,ev_C,C,6,
20170805082750,2017-08-05 08:27:50,2017-08-05 12:00:00,ev_K,K,2,
20170805082800,2017-08-05 08:28:00,2017-08-05 12:00:00,ev_C,C,3,
20170805082810,2017-08-05 08:28:10,2017-08-05 12:00:00,ev_K,K,2,
20170805082820,2017-08-05 08:28:20,2017-08-05 12:00:00,ev_C,C,6,
20170805082830,2017-08-05 08:28:30,2017-08-05 12:00:00,ev_C,C,2,
20170805082840,2017-08-05 08:28:40,2017-08-05 12:00:00,ev_C,C,2,
20170805082850,2017-08-05 08:28:50,2017-08-05 12:00:00,ev_K,K,5,
20170805082900,2017-08-05 08:29:00,2017-08-05 12:00:00,ev_C,C,15,
20170805082910,2017-08-05 08:29:10,2017-08-05 12:00:00,ev_C,C,4,
20170805082920,2017-08-05 08:29:20,2017-08-05 12:00:00,ev_C,C,4,
20170805082930,2017-08-05 08:29:30,2017-08-05 12:00:00,ev_C,C,19,
20170805082940,2017-08-05 08:29:40,2017-08-05 12:00:00,ev_C,C,15,
20170805082950,2017-08-05 08:29:50,2017-08-05 12:00:00,ev_C,C,2,
20170805083000,2017-08-05 08:30:00,2017-08-05 12:00:00,ev_C,C,13,
20170805083010,2017-08-05 08:30:10,2017-08-05 12:00:00,ev_K,K,1,
20170805083020,2017-08-05 08:30:20,2017-08-05 12:00:00,ev_C,C,19,
20170805083030,2017-08-05 08:30:30,2017-08-05 12:00:00,ev_K,K,4,
20170805083040,2017-08-05 08:30:40,2017-08-05 12:00:00,ev_K,K,3,
20170805083050,2017-08-05 08:30:50,2017-08-05 12:00:00,ev_C,C,11,
20170805083100,2017-08-05 08:31:00,2017-08-05 12:00:00,ev_C,C,3,
20170805083110,2017-08-05 08:31:10,2017-08-05 12:00:00,ev_K,K,2,
20170805083120,2017-08-05 08:31:20,2017-08-05 12:00:00,ev_C,C,15,
20170805083130,2017-08-05 08:31:30,2017-08-05 12:00:00,ev_C,C,2,
20170805083140,2017-08-05 08:31:40,2017-08-05 12:00:00,ev_C,C,1,
20170805083150,2017-08-05 08:31:50,2017-08-05 12:00:00,ev_C,C,8,
20170805083200,2017-08-05 08:32:00,2017-08-05 12:00:00,ev_C,C,12,
20170805083210,2017-08-05 08:32:10,2017-08-05 12:00:00,ev_C,C,7,
20170805083220,2017-08-05 08:32:20,2017-08-05 12:00:00,ev_K,K,5,
20170805083230,2017-08-05 08:32:30,2017-08-05 12:00:00,ev_N,K,5,
20170805083240,2017-08-05 08:32:40,2017-08-05 12:00:00,ev_K,K,1,
20170805083250,2017-08-05 08:32:50,2017-08-05 12:00:00,ev_C,C,8,
20170805083300,2017-08-05 08:33:00,2017-08-05 12:00:00,ev_C,C,10,
20170805083310,2017-08-05 08:33:10,2017-08-05 12:00:00,ev_K,K,1,
20170805083320,2017-08-05 08:33:20,2017-08-05 12:00:00,ev_C,C,18,
20170805083330,2017-08-05 08:33:30,2017-08-05 12:00:00,ev_C,C,6,
20170805083340,2017-08-05 08:33:40,2017-08-05 12:00:00,ev_C,C,16,
20170805083350,2017-08-05 08:33:50,2017-08-05 12:00:00,ev_C,C,3,
20170805083400,2017-08-05 08:34:00,2017-08-05 12:00:00,ev_C,C,9,
20170805083410,2017-08-05 08:34:10,2017-08-05 12:00:00,ev_C,C,13,
20170805083420,2017-08-05 08:34:20,2017-08-05 12:00:00,ev_C,C,20,
20170805083430,2017-08-05 08:34:30,2017-08-05 12:00:00,ev_C,C,5,
20170805083440,2017-08-05 08:34:40,2017-08-05 12:00:00,ev_C,C,3,
20170805083450,2017-08-05 08:34:50,2017-08-05 12:00:00,ev_C,C,18,
20170805083500,2017-08-05 08:35:00,2017-08-05 12:00:00,ev_K,K,2,
20170805083510,2017-08-05 08:35:10,2017-08-05 12:00:00,ev_C,C,10,
20170805083520,2017-08-05 08:35:20,2017-08-05 12:00:00,ev_K,K,3,
20170805083530,2017-08-05 08:35:30,2017-08-05 12:00:00,ev_C,C,1,
20170805083540,2017-08-05 08:35:40,2017-08-05 12:00:00,ev_C,C,1,
20170805083550,2017-08-05 08:35:50,2017-08-05 12:00:00,ev_C,C,10,
20170805083600,2017-08-05 08:36:00,2017-08-05 12:00:00,ev_K,K,1,
20170805083610,2017-08-05 08:36:10,2017-08-05 12:00:00,ev_C,C,18,
20170805083620,2017-08-05 08:36:20,2017-08-05 12:00:00,ev_C,C,12,
20170805083630,2017-08-05 08:36:30,2017-08-05 12:00:00,ev_C,C,7,
20170805083640,2017-08-05 08:36:40,2017-08-05 12:00:00,ev_C,C,18,
20170805083650,2017-08-05 08:36:50,2017-08-05 12:00:00,ev_C,C,20,
20170805083700,2017-08-05 08:37:00,2017-08-05 12:00:00,ev_C,C,4,
20170805083710,2017-08-05 08:37:10,2017-08-05 12:00:00,ev_C,C,20,
20170805083720,2017-08-05 08:37:20,2017-08-05 12:00:00,ev_C,C,4,
20170805083730,2017-08-05 08:37:30,2017-08-05 12:00:00,ev_C,C,15,
20170805083740,2017-08-05 08:37:40,2017-08-05 12:00:00,ev_C,C,7,
20170805083750,2017-08-05 08:37:50,2017-08-05 12:00:00,ev_C,C,9,
20170805083800,2017-08-05 08:38:00,2017-08-05 12:00:00,ev_C,C,16,
20170805083810,2017-08-05 08:38:10,2017-08-05 12:00:00,ev_N,K,1,
20170805083820,2017-08-05 08:38:20,2017-08-05 12:00:00,ev_C,C,20,
20170805083830,2017-08-05 08:38:30,2017-08-05 12:00:00,ev_C,C,4,
20170805083840,2017-08-05 08:38:40,2017-08-05 12:00:00,ev_C,C,16,
20170805083850,2017-08-05 08:38:50,2017-08-05 12:00:00,ev_K,K,4,
20170805083900,2017-08-05 08:39:00,2017-08-05 12:00:00,ev_C,C,6,
20170805083910,2017-08-05 08:39:10,2017-08-05 12:00:00,ev_K,K,1,
20170805083920,2017-08-05 08:39:20,2017-08-05 12:00:00,ev_C,C,14,
20170805083930,2017-08-05 08:39:30,2017-08-05 12:00:00,ev_C,C,1,
20170805083940,2017-08-05 08:39:40,2017-08-05 12:00:00,ev_C,C,11,
20170805083950,2017-08-05 08:39:50,2017-08-05 12:00:00,ev_C,C,13,
20170805084000,2017-08-05 08:40:00,2017-08-05 12:00:00,ev_K,K,1,
20170805084010,2017-08-05 08:40:10,2017-08-05 12:00:00,ev_C,C,18,
20170805084020,2017-08-05 08:40:20,2017-08-05 12:00:00,ev_C,C,3,
20170805084030,2017-08-05 08:40:30,2017-08-05 12:00:00,ev_C,C,8,
20170805084040,2017-08-05 08:40:40,2017-08-05 12:00:00,ev_K,K,4,
20170805084050,2017-08-05 08:40:50,2017-08-05 12:00:00,ev_K,K,1,
20170805084100,2017-08-05 08:41:00,2017-08-05 12:00:00,ev_K,K,2,
20170805084110,2017-08-05 08:41:10,2017-08-05 12:00:00,ev_N,K,4,
20170805084120,2017-08-05 08:41:20,2017-08-05 12:00:00,ev_C,C,4,
20170805084130,2017-08-05 08:41:30,2017-08-05 12:00:00,ev_K,K,3,
20170805084140,2017-08-05 08:41:40,2017-08-05 12:00:00,ev_C,C,20,
20170805084150,2017-08-05 08:41:50,2017-08-05 12:00:00,ev_C,C,19,
20170805084200,2017-08-05 08:42:00,2017-08-05 12:00:00,ev_K,K,5,
20170805084210,2017-08-05 08:42:10,2017-08-05 12:00:00,ev_K,K,5,
20170805084220,2017-08-05 08:42:20,2017-08-05 12:00:00,ev_C,C,1,
20170805084230,2017-08-05 08:42:30,2017-08-05 12:00:00,ev_C,C,20,
20170805084240,2017-08-05 08:42:40,2017-08-05 12:00:00,ev_K,K,5,
20170805084250,2017-08-05 08:42:50,2017-08-05 12:00:00,ev_C,C,12,
20170805084300,2017-08-05 08:43:00,2017-08-05 12:00:00,ev_N,K,3,
20170805084310,2017-08-05 08:43:10,2017-08-05 12:00:00,ev_C,C,1,
20170805084320,2017-08-05 08:43:20,2017-08-05 12:00:00,ev_C,C,20,
20170805084330,2017-08-05 08:43:30,2017-08-05 12:00:00,ev_C,C,3,
20170805084340,2017-08-05 08:43:40,2017-08-05 12:00:00,ev_K,K,5,
20170805084350,2017-08-05 08:43:50,2017-08-05 12:00:00,ev_C,C,19,
20170805084400,2017-08-05 08:44:00,2017-08-05 12:00:00,ev_N,K,4,
20170805084410,2017-08-05 08:44:10,2017-08-05 12:00:00,ev_K,K,2,
20170805084420,2017-08-05 08:44:20,2017-08-05 12:00:00,ev_K,K,3,
20170805084430,2017-08-05 08:44:30,2017-08-05 12:00:00,ev_C,C,5,
20170805084440,2017-08-05 08:44:40,2017-08-05 12:00:00,ev_C,C,1,
20170805084450,2017-08-05 08:44:50,2017-08-05 12:00:00,ev_C,C,15,
20170805084500,2017-08-05 08:45:00,2017-08-05 12:00:00,ev_K,K,3,
20170805084510,2017-08-05 08:45:10,2017-08-05 12:00:00,ev_K,K,4,
20170805084520,2017-08-05 08:45:20,2017-08-05 12:00:00,ev_N,K,3,
20170805084530,2017-08-05 08:45:30,2017-08-05 12:00:00,ev_C,C,19,
20170805084540,2017-08-05 08:45:40,2017-08-05 12:00:00,ev_C,C,16,
20170805084550,2017-08-05 08:45:50,2017-08-05 12:00:00,ev_N,K,2,
20170805084600,2017-08-05 08:46:00,2017-08-05 12:00:00,ev_C,C,1,
20170805084610,2017-08-05 08:46:10,2017-08-05 12:00:00,ev_K,K,2,
20170805084620,2017-08-05 08:46:20,2017-08-05 12:00:00,ev_C,C,6,
20170805084630,2017-08-05 08:46:30,2017-08-05 12:00:00,ev_N,K,2,
20170805084640,2017-08-05 08:46:40,2017-08-05 12:00:00,ev_K,K,1,
20170805084650,2017-08-05 08:46:50,2017-08-05 12:00:00,ev_C,C,1,
20170805084700,2017-08-05 08:47:00,2017-08-05 12:00:00,ev_C,C,11,
20170805084710,2017-08-05 08:47:10,2017-08-05 12:00:00,ev_C,C,3,
20170805084720,2017-08-05 08:47:20,2017-08-05 12:00:00,ev_K,K,4,
20170805084730,2017-08-05 08:47:30,2017-08-05 12:00:00,ev_C,C,16,
20170805084740,2017-08-05 08:47:40,2017-08-05 12:00:00,ev_K,K,2,
20170805084750,2017-08-05 08:47:50,2017-08-05 12:00:00,ev_C,C,17,
20170805084800,2017-08-05 08:48:00,2017-08-05 12:00:00,ev_C,C,4,
20170805084810,2017-08-05 08:48:10,2017-08-05 12:00:00,ev_N,K,1,
20170805084820,2017-08-05 08:48:20,2017-08-05 12:00:00,ev_N,K,3,
20170805084830,2017-08-05 08:48:30,2017-08-05 12:00:00,ev_C,C,3,
20170805084840,2017-08-05 08:48:40,2017-08-05 12:00:00,ev_C,C,8,
20170805084850,2017-08-05 08:48:50,2017-08-05 12:00:00,ev_C,C,13,
20170805084900,2017-08-05 08:49:00,2017-08-05 12:00:00,ev_C,C,10,
20170805084910,2017-08-05 08:49:10,2017-08-05 12:00:00,ev_C,C,2,
20170805084920,2017-08-05 08:49:20,2017-08-05 12:00:00,ev_K,K,4,
20170805084930,2017-08-05 08:49:30,2017-08-05 12:00:00,ev_C,C,11,
20170805084940,2017-08-05 08:49:40,2017-08-05 12:00:00,ev_K,K,2,
20170805084950,2017-08-05 08:49:50,2017-08-05 12:00:00,ev_C,C,6,
20170805085000,2017-08-05 08:50:00,2017-08-05 12:00:00,ev_K,K,1,
20170805085010,2017-08-05 08:50:10,2017-08-05 12:00:00,ev_C,C,14,
20170805085020,2017-08-05 08:50:20,2017-08-05 12:00:00,ev_C,C,20,
20170805085030,2017-08-05 08:50:30,2017-08-05 12:00:00,ev_C,C,8,
20170805085040,2017-08-05 08:50:40,2017-08-05 12:00:00,ev_C,C,4,
20170805085050,2017-08-05 08:50:50,2017-08-05 12:00:00,ev_C,C,18,
20170805085100,2017-08-05 08:51:00,2017-08-05 12:00:00,ev_C,C,4,
20170805085110,2017-08-05 08:51:10,2017-08-05 12:00:00,ev_C,C,18,
20170805085120,2017-08-05 08:51:20,2017-08-05 12:00:00,ev_C,C,7,
20170805085130,2017-08-05 08:51:30,2017-08-05 12:00:00,ev_K,K,3,
20170805085140,2017-08-05 08:51:40,2017-08-05 12:00:00,ev_C,C,19,
20170805085150,2017-08-05 08:51:50,2017-08-05 12:00:00,ev_C,C,9,
20170805085200,2017-08-05 08:52:00,2017-08-05 12:00:00,ev_K,K,1,
20170805085210,2017-08-05 08:52:10,2017-08-05 12:00:00,ev_C,C,17,
20170805085220,2017-08-05 08:52:20,2017-08-05 12:00:00,ev_C,C,2,
20170805085230,2017-08-05 08:52:30,2017-08-05 12:00:00,ev_C,C,17,
20170805085240,2017-08-05 08:52:40,2017-08-05 12:00:00,ev_K,K,3,
20170805085250,2017-08-05 08:52:50,2017-08-05 12:00:00,ev_K,K,2,
20170805085300,2017-08-05 08:53:00,2017-08-05 12:00:00,ev_C,C,10,
20170805085310,2017-08-05 08:53:10,2017-08-05 12:00:00,ev_C,C,10,
20170805085320,2017-08-05 08:53:20,2017-08-05 12:00:00,ev_C,C,17,
20170805085330,2017-08-05 08:53:30,2017-08-05 12:00:00,ev_C,C,19,
20170805085340,2017-08-05 08:53:40,2017-08-05 12:00:00,ev_C,C,2,
20170805085350,2017-08-05 08:53:50,2017-08-05 12:00:00,ev_K,K,5,
20170805085400,2017-08-05 08:54:00,2017-08-05 12:00:00,ev_C,C,20,
20170805085410,2017-08-05 08:54:10,2017-08-05 12:00:00,ev_C,C,1,
20170805085420,2017-08-05 08:54:20,2017-08-05 12:00:00,ev_K,K,2,
20170805085430,2017-08-05 08:54:30,2017-08-05 12:00:00,ev_C,C,13,
20170805085440,2017-08-05 08:54:40,2017-08-05 12:00:00,ev_C,C,7,
20170805085450,2017-08-05 08:54:50,2017-08-05 12:00:00,ev_K,K,5,
20170805085500,2017-08-05 08:55:00,2017-08-05 12:00:00,ev_C,C,12,
20170805085510,2017-08-05 08:55:10,2017-08-05 12:00:00,ev_C,C,17,
20170805085520,2017-08-05 08:55:20,2017-08-05 12:00:00,ev_N,K,2,
20170805085530,2017-08-05 08:55:30,2017-08-05 12:00:00,ev_K,K,4,
20170805085540,2017-08-05 08:55:40,2017-08-05 12:00:00,ev_C,C,13,
20170805085550,2017-08-05 08:55:50,2017-08-05 12:00:00,ev_N,K,1,
20170805085600,2017-08-05 08:56:00,2017-08-05 12:00:00,ev_C,C,19,
20170805085610,2017-08-05 08:56:10,2017-08-05 12:00:00,ev_N,K,4,
20170805085620,2017-08-05 08:56:20,2017-08-05 12:00:00,ev_N,K,2,
20170805085630,2017-08-05 08:56:30,2017-08-05 12:00:00,ev_C,C,7,
20170805085640,2017-08-05 08:56:40,2017-08-05 12:00:00,ev_N,K,1,
20170805085650,2017-08-05 08:56:50,2017-08-05 12:00:00,ev_C,C,6,
20170805085700,2017-08-05 08:57:00,2017-08-05 12:00:00,ev_C,C,16,
20170805085710,2017-08-05 08:57:10,2017-08-05 12:00:00,ev_C,C,2,
20170805085720,2017-08-05 08:57:20,2017-08-05 12:00:00,ev_C,C,1,
20170805085730,2017-08-05 08:57:30,2017-08-05 12:00:00,ev_N,K,5,
20170805085740,2017-08-05 08:57:40,2017-08-05 12:00:00,ev_C,C,17,
20170805085750,2017-08-05 08:57:50,2017-08-05 12:00:00,ev_C,C,6,
20170805085800,2017-08-05 08:58:00,2017-08-05 12:00:00,ev_C,C,8,
20170805085810,2017-08-05 08:58:10,2017-08-05 12:00:00,ev_C,C,3,
20170805085820,2017-08-05 08:58:20,2017-08-05 12:00:00,ev_C,C,18,
20170805085830,2017-08-05 08:58:30,2017-08-05 12:00:00,ev_C,C,13,
20170805085840,2017-08-05 08:58:40,2017-08-05 12:00:00,ev_N,K,5,
20170805085850,2017-08-05 08:58:50,2017-08-05 12:00:00,ev_C,C,10,
20170805085900,2017-08-05 08:59:00,2017-08-05 12:00:00,ev_C,C,5,
20170805085910,2017-08-05 08:59:10,2017-08-05 12:00:00,ev_C,C,12,
20170805085920,2017-08-05 08:59:20,2017-08-05 12:00:00,ev_C,C,3,
20170805085930,2017-08-05 08:59:30,2017-08-05 12:00:00,ev_C,C,13,
20170805085940,2017-08-05 08:59:40,2017-08-05 12:00:00,ev_C,C,16,
20170805085950,2017-08-05 08:59:50,2017-08-05 12:00:00,ev_K,K,3,
20170805090000,2017-08-05 09:00:00,2017-08-05 12:00:00,ev_C,C,2,
20170805090010,2017-08-05 09:00:10,2017-08-05 12:00:00,ev_C,C,16,
20170805090020,2017-08-05 09:00:20,2017-08-05 12:00:00,ev_C,C,10,
20170805090030,2017-08-05 09:00:30,2017-08-05 12:00:00,ev_K,K,5,
20170805090040,2017-08-05 09:00:40,2017-08-05 12:00:00,ev_K,K,3,
20170805090050,2017-08-05 09:00:50,2017-08-05 12:00:00,ev_C,C,9,
20170805090100,2017-08-05 09:01:00,2017-08-05 12:00:00,ev_K,K,3,
20170805090110,2017-08-05 09:01:10,2017-08-05 12:00:00,ev_C,C,17,
20170805090120,2017-08-05 09:01:20,2017-08-05 12:00:00,ev_C,C,18,
20170805090130,2017-08-05 09:01:30,2017-08-05 12:00:00,ev_K,K,3,
20170805090140,2017-08-05 09:01:40,2017-08-05 12:00:00,ev_C,C,17,
20170805090150,2017-08-05 09:01:50,2017-08-05 12:00:00,ev_C,C,6,
20170805090200,2017-08-05 09:02:00,2017-08-05 12:00:00,ev_N,K,4,
20170805090210,2017-08-05 09:02:10,2017-08-05 12:00:00,ev_C,C,16,
20170805090220,2017-08-05 09:02:20,2017-08-05 12:00:00,ev_C,C,6,
20170805090230,2017-08-05 09:02:30,2017-08-05 12:00:00,ev_C,C,2,
20170805090240,2017-08-05 09:02:40,2017-08-05 12:00:00,ev_C,C,8,
20170805090250,2017-08-05 09:02:50,2017-08-05 12:00:00,ev_C,C,13,
20170805090300,2017-08-05 09:03:00,2017-08-05 12:00:00,ev_N,K,5,
20170805090310,2017-08-05 09:03:10,2017-08-05 12:00:00,ev_K,K,4,
20170805090320,2017-08-05 09:03:20,2017-08-05 12:00:00,ev_K,K,2,
20170805090330,2017-08-05 09:03:30,2017-08-05 12:00:00,ev_C,C,5,
20170805090340,2017-08-05 09:03:40,2017-08-05 12:00:00,ev_C,C,20,
20170805090350,2017-08-05 09:03:50,2017-08-05 12:00:00,ev_C,C,14,
20170805090400,2017-08-05 09:04:00,2017-08-05 12:00:00,ev_C,C,10,
20170805090410,2017-08-05 09:04:10,2017-08-05 12:00:00,ev_C,C,5,
20170805090420,2017-08-05 09:04:20,2017-08-05 12:00:00,ev_C,C,4,
20170805090430,2017-08-05 09:04:30,2017-08-05 12:00:00,ev_C,C,14,
20170805090440,2017-08-05 09:04:40,2017-08-05 12:00:00,ev_C,C,15,
20170805090450,2017-08-05 09:04:50,2017-08-05 12:00:00,ev_C,C,6,
20170805090500,2017-08-05 09:05:00,2017-08-05 12:00:00,ev_K,K,1,
20170805090510,2017-08-05 09:05:10,2017-08-05 12:00:00,ev_C,C,9,
20170805090520,2017-08-05 09:05:20,2017-08-05 12:00:00,ev_K,K,3,
20170805090530,2017-08-05 09:05:30,2017-08-05 12:00:00,ev_C,C,17,
20170805090540,2017-08-05 09:05:40,2017-08-05 12:00:00,ev_N,K,2,
20170805090550,2017-08-05 09:05:50,2017-08-05 12:00:00,ev_C,C,13,
20170805090600,2017-08-05 09:06:00,2017-08-05 12:00:00,ev_C,C,15,
20170805090610,2017-08-05 09:06:10,2017-08-05 12:00:00,ev_C,C,12,
20170805090620,2017-08-05 09:06:20,2017-08-05 12:00:00,ev_C,C,18,
20170805090630,2017-08-05 09:06:30,2017-08-05 12:00:00,ev_C,C,3,
20170805090640,2017-08-05 09:06:40,2017-08-05 12:00:00,ev_C,C,13,
20170805090650,2017-08-05 09:06:50,2017-08-05 12:00:00,ev_N,K,4,
20170805090700,2017-08-05 09:07:00,2017-08-05 12:00:00,ev_C,C,3,
20170805090710,2017-08-05 09:07:10,2017-08-05 12:00:00,ev_N,K,1,
20170805090720,2017-08-05 09:07:20,2017-08-05 12:00:00,ev_K,K,4,
20170805090730,2017-08-05 09:07:30,2017-08-05 12:00:00,ev_C,C,11,
20170805090740,2017-08-05 09:07:40,2017-08-05 12:00:00,ev_C,C,13,
20170805090750,2017-08-05 09:07:50,2017-08-05 12:00:00,ev_C,C,13,
20170805090800,2017-08-05 09:08:00,2017-08-05 12:00:00,ev_C,C,11,
20170805090810,2017-08-05 09:08:10,2017-08-05 12:00:00,ev_K,K,4,
20170805090820,2017-08-05 09:08:20,2017-08-05 12:00:00,ev_N,K,4,
20170805090830,2017-08-05 09:08:30,2017-08-05 12:00:00,ev_K,K,1,
20170805090840,2017-08-05 09:08:40,2017-08-05 12:00:00,ev_C,C,12,
20170805090850,2017-08-05 09:08:50,2017-08-05 12:00:00,ev_C,C,16,
20170805090900,2017-08-05 09:09:00,2017-08-05 12:00:00,ev_C,C,12,
20170805090910,2017-08-05 09:09:10,2017-08-05 12:00:00,ev_C,C,13,
20170805090920,2017-08-05 09:09:20,2017-08-05 12:00:00,ev_C,C,14,
20170805090930,2017-08-05 09:09:30,2017-08-05 12:00:00,ev_C,C,16,
20170805090940,2017-08-05 09:09:40,2017-08-05 12:00:00,ev_C,C,10,
20170805090950,2017-08-05 09:09:50,2017-08-05 12:00:00,ev_C,C,14,
20170805091000,2017-08-05 09:10:00,2017-08-05 12:00:00,ev_C,C,7,
20170805091010,2017-08-05 09:10:10,2017-08-05 12:00:00,ev_C,C,14,
20170805091020,2017-08-05 09:10:20,2017-08-05 12:00:00,ev_C,C,6,
20170805091030,2017-08-05 09:10:30,2017-08-05 12:00:00,ev_C,C,9,
20170805091040,2017-08-05 09:10:40,2017-08-05 12:00:00,ev_C,C,15,
20170805091050,2017-08-05 09:10:50,2017-08-05 12:00:00,ev_C,C,1,
20170805091100,2017-08-05 09:11:00,2017-08-05 12:00:00,ev_K,K,4,
20170805091110,2017-08-05 09:11:10,2017-08-05 12:00:00,ev_K,K,4,
20170805091120,2017-08-05 09:11:20,2017-08-05 12:00:00,ev_C,C,7,
20170805091130,2017-08-05 09:11:30,2017-08-05 12:00:00,ev_K,K,5,
20170805091140,2017-08-05 09:11:40,2017-08-05 12:00:00,ev_K,K,1,
20170805091150,2017-08-05 09:11:50,2017-08-05 12:00:00,ev_C,C,1,
20170805091200,2017-08-05 09:12:00,2017-08-05 12:00:00,ev_C,C,17,
20170805091210,2017-08-05 09:12:10,2017-08-05 12:00:00,ev_C,C,2,
20170805091220,2017-08-05 09:12:20,2017-08-05 12:00:00,ev_C,C,19,
20170805091230,2017-08-05 09:12:30,2017-08-05 12:00:00,ev_C,C,2,
20170805091240,2017-08-05 09:12:40,2017-08-05 12:00:00,ev_C,C,6,
20170805091250,2017-08-05 09:12:50,2017-08-05 12:00:00,ev_C,C,18,
20170805091300,2017-08-05 09:13:00,2017-08-05 12:00:00,ev_C,C,9,
20170805091310,2017-08-05 09:13:10,2017-08-05 12:00:00,ev_C,C,6,
20170805091320,2017-08-05 09:13:20,2017-08-05 12:00:00,ev_C,C,15,
20170805091330,2017-08-05 09:13:30,2017-08-05 12:00:00,ev_K,K,2,
20170805091340,2017-08-05 09:13:40,2017-08-05 12:00:00,ev_C,C,1,
20170805091350,2017-08-05 09:13:50,2017-08-05 12:00:00,ev_N,K,2,
20170805091400,2017-08-05 09:14:00,2017-08-05 12:00:00,ev_C,C,17,
20170805091410,2017-08-05 09:14:10,2017-08-05 12:00:00,ev_C,C,16,
20170805091420,2017-08-05 09:14:20,2017-08-05 12:00:00,ev_C,C,15,
20170805091430,2017-08-05 09:14:30,2017-08-05 12:00:00,ev_C,C,17,
20170805091440,2017-08-05 09:14:40,2017-08-05 12:00:00,ev_C,C,2,
20170805091450,2017-08-05 09:14:50,2017-08-05 12:00:00,ev_C,C,3,
20170805091500,2017-08-05 09:15:00,2017-08-05 12:00:00,ev_C,C,15,
20170805091510,2017-08-05 09:15:10,2017-08-05 12:00:00,ev_C,C,3,
20170805091520,2017-08-05 09:15:20,2017-08-05 12:00:00,ev_C,C,2,
20170805091530,2017-08-05 09:15:30,2017-08-05 12:00:00,ev_C,C,6,
20170805091540,2017-08-05 09:15:40,2017-08-05 12:00:00,ev_K,K,1,
20170805091550,2017-08-05 09:15:50,2017-08-05 12:00:00,ev_C,C,5,
20170805091600,2017-08-05 09:16:00,2017-08-05 12:00:00,ev_C,C,17,
20170805091610,2017-08-05 09:16:10,2017-08-05 12:00:00,ev_C,C,17,
20170805091620,2017-08-05 09:16:20,2017-08-05 12:00:00,ev_N,K,2,
20170805091630,2017-08-05 09:16:30,2017-08-05 12:00:00,ev_C,C,13,
20170805091640,2017-08-05 09:16:40,2017-08-05 12:00:00,ev_C,C,2,
20170805091650,2017-08-05 09:16:50,2017-08-05 12:00:00,ev_C,C,13,
20170805091700,2017-08-05 09:17:00,2017-08-05 12:00:00,ev_C,C,14,
20170805091710,2017-08-05 09:17:10,2017-08-05 12:00:00,ev_K,K,3,
20170805091720,2017-08-05 09:17:20,2017-08-05 12:00:00,ev_C,C,3,
20170805091730,2017-08-05 09:17:30,2017-08-05 12:00:00,ev_C,C,6,
20170805091740,2017-08-05 09:17:40,2017-08-05 12:00:00,ev_C,C,19,
20170805091750,2017-08-05 09:17:50,2017-08-05 12:00:00,ev_K,K,1,
20170805091800,2017-08-05 09:18:00,2017-08-05 12:00:00,ev_C,C,10,
20170805091810,2017-08-05 09:18:10,2017-08-05 12:00:00,ev_C,C,7,
20170805091820,2017-08-05 09:18:20,2017-08-05 12:00:00,ev_C,C,6,
20170805091830,2017-08-05 09:18:30,2017-08-05 12:00:00,ev_C,C,7,
20170805091840,2017-08-05 09:18:40,2017-08-05 12:00:00,ev_C,C,12,
20170805091850,2017-08-05 09:18:50,2017-08-05 12:00:00,ev_N,K,3,
20170805091900,2017-08-05 09:19:00,2017-08-05 12:00:00,ev_C,C,4,
20170805091910,2017-08-05 09:19:10,2017-08-05 12:00:00,ev_C,C,16,
20170805091920,2017-08-05 09:19:20,2017-08-05 12:00:00,ev_C,C,12,
20170805091930,2017-08-05 09:19:30,2017-08-05 12:00:00,ev_C,C,7,
20170805091940,2017-08-05 09:19:40,2017-08-05 12:00:00,ev_C,C,13,
20170805091950,2017-08-05 09:19:50,2017-08-05 12:00:00,ev_K,K,5,
20170805092000,2017-08-05 09:20:00,2017-08-05 12:00:00,ev_C,C,14,
20170805092010,2017-08-05 09:20:10,2017-08-05 12:00:00,ev_N,K,4,
20170805092020,2017-08-05 09:20:20,2017-08-05 12:00:00,ev_C,C,5,
20170805092030,2017-08-05 09:20:30,2017-08-05 12:00:00,ev_K,K,1,
20170805092040,2017-08-05 09:20:40,2017-08-05 12:00:00,ev_C,C,1,
20170805092050,2017-08-05 09:20:50,2017-08-05 12:00:00,ev_C,C,7,
20170805092100,2017-08-05 09:21:00,2017-08-05 12:00:00,ev_K,K,5,
20170805092110,2017-08-05 09:21:10,2017-08-05 12:00:00,ev_K,K,5,
20170805092120,2017-08-05 09:21:20,2017-08-05 12:00:00,ev_C,C,7,
20170805092130,2017-08-05 09:21:30,2017-08-05 12:00:00,ev_C,C,9,
20170805092140,2017-08-05 09:21:40,2017-08-05 12:00:00,ev_C,C,14,
20170805092150,2017-08-05 09:21:50,2017-08-05 12:00:00,ev_C,C,11,
20170805092200,2017-08-05 09:22:00,2017-08-05 12:00:00,ev_C,C,11,
20170805092210,2017-08-05 09:22:10,2017-08-05 12:00:00,ev_K,K,3,
20170805092220,2017-08-05 09:22:20,2017-08-05 12:00:00,ev_C,C,6,
20170805092230,2017-08-05 09:22:30,2017-08-05 12:00:00,ev_K,K,4,
20170805092240,2017-08-05 09:22:40,2017-08-05 12:00:00,ev_C,C,19,
20170805092250,2017-08-05 09:22:50,2017-08-05 12:00:00,ev_K,K,2,
20170805092300,2017-08-05 09:23:00,2017-08-05 12:00:00,ev_C,C,20,
20170805092310,2017-08-05 09:23:10,2017-08-05 12:00:00,ev_N,K,5,
20170805092320,2017-08-05 09:23:20,2017-08-05 12:00:00,ev_C,C,14,
20170805092330,2017-08-05 09:23:30,2017-08-05 12:00:00,ev_C,C,4,
20170805092340,2017-08-05 09:23:40,2017-08-05 12:00:00,ev_C,C,9,
20170805092350,2017-08-05 09:23:50,2017-08-05 12:00:00,ev_C,C,15,
20170805092400,2017-08-05 09:24:00,2017-08-05 12:00:00,ev_C,C,10,
20170805092410,2017-08-05 09:24:10,2017-08-05 12:00:00,ev_C,C,14,
20170805092420,2017-08-05 09:24:20,2017-08-05 12:00:00,ev_K,K,5,
20170805092430,2017-08-05 09:24:30,2017-08-05 12:00:00,ev_C,C,17,
20170805092440,2017-08-05 09:24:40,2017-08-05 12:00:00,ev_C,C,11,
20170805092450,2017-08-05 09:24:50,2017-08-05 12:00:00,ev_C,C,11,
20170805092500,2017-08-05 09:25:00,2017-08-05 12:00:00,ev_C,C,3,
20170805092510,2017-08-05 09:25:10,2017-08-05 12:00:00,ev_C,C,18,
20170805092520,2017-08-05 09:25:20,2017-08-05 12:00:00,ev_C,C,18,
20170805092530,2017-08-05 09:25:30,2017-08-05 12:00:00,ev_C,C,17,
20170805092540,2017-08-05 09:25:40,2017-08-05 12:00:00,ev_C,C,19,
20170805092550,2017-08-05 09:25:50,2017-08-05 12:00:00,ev_C,C,1,
20170805092600,2017-08-05 09:26:00,2017-08-05 12:00:00,ev_C,C,18,
20170805092610,2017-08-05 09:26:10,2017-08-05 12:00:00,ev_C,C,5,
20170805092620,2017-08-05 09:26:20,2017-08-05 12:00:00,ev_N,K,2,
20170805092630,2017-08-05 09:26:30,2017-08-05 12:00:00,ev_C,C,14,
20170805092640,2017-08-05 09:26:40,2017-08-05 12:00:00,ev_C,C,18,
20170805092650,2017-08-05 09:26:50,2017-08-05 12:00:00,ev_C,C,12,
20170805092700,2017-08-05 09:27:00,2017-08-05 12:00:00,ev_C,C,5,
20170805092710,2017-08-05 09:27:10,2017-08-05 12:00:00,ev_C,C,8,
20170805092720,2017-08-05 09:27:20,2017-08-05 12:00:00,ev_K,K,1,
20170805092730,2017-08-05 09:27:30,2017-08-05 12:00:00,ev_C,C,11,
20170805092740,2017-08-05 09:27:40,2017-08-05 12:00:00,ev_C,C,18,
20170805092750,2017-08-05 09:27:50,2017-08-05 12:00:00,ev_C,C,13,
20170805092800,2017-08-05 09:28:00,2017-08-05 12:00:00,ev_C,C,8,
20170805092810,2017-08-05 09:28:10,2017-08-05 12:00:00,ev_N,K,2,
20170805092820,2017-08-05 09:28:20,2017-08-05 12:00:00,ev_C,C,20,
20170805092830,2017-08-05 09:28:30,2017-08-05 12:00:00,ev_C,C,12,
20170805092840,2017-08-05 09:28:40,2017-08-05 12:00:00,ev_C,C,8,
20170805092850,2017-08-05 09:28:50,2017-08-05 12:00:00,ev_C,C,10,
20170805092900,2017-08-05 09:29:00,2017-08-05 12:00:00,ev_K,K,2,
20170805092910,2017-08-05 09:29:10,2017-08-05 12:00:00,ev_C,C,5,
20170805092920,2017-08-05 09:29:20,2017-08-05 12:00:00,ev_C,C,9,
20170805092930,2017-08-05 09:29:30,2017-08-05 12:00:00,ev_C,C,8,
20170805092940,2017-08-05 09:29:40,2017-08-05 12:00:00,ev_K,K,4,
20170805092950,2017-08-05 09:29:50,2017-08-05 12:00:00,ev_C,C,13,
20170805093000,2017-08-05 09:30:00,2017-08-05 12:00:00,ev_K,K,5,
20170805093010,2017-08-05 09:30:10,2017-08-05 12:00:00,ev_C,C,6,
20170805093020,2017-08-05 09:30:20,2017-08-05 12:00:00,ev_C,C,19,
20170805093030,2017-08-05 09:30:30,2017-08-05 12:00:00,ev_N,K,1,
20170805093040,2017-08-05 09:30:40,2017-08-05 12:00:00,ev_C,C,19,
20170805093050,2017-08-05 09:30:50,2017-08-05 12:00:00,ev_C,C,19,
20170805093100,2017-08-05 09:31:00,2017-08-05 12:00:00,ev_N,K,5,
20170805093110,2017-08-05 09:31:10,2017-08-05 12:00:00,ev_C,C,13,
20170805093120,2017-08-05 09:31:20,2017-08-05 12:00:00,ev_C,C,7,
20170805093130,2017-08-05 09:31:30,2017-08-05 12:00:00,ev_C,C,16,
20170805093140,2017-08-05 09:31:40,2017-08-05 12:00:00,ev_K,K,2,
20170805093150,2017-08-05 09:31:50,2017-08-05 12:00:00,ev_K,K,4,
20170805093200,2017-08-05 09:32:00,2017-08-05 12:00:00,ev_K,K,5,
20170805093210,2017-08-05 09:32:10,2017-08-05 12:00:00,ev_K,K,4,
20170805093220,2017-08-05 09:32:20,2017-08-05 12:00:00,ev_N,K,2,
20170805093230,2017-08-05 09:32:30,2017-08-05 12:00:00,ev_K,K,1,
20170805093240,2017-08-05 09:32:40,2017-08-05 12:00:00,ev_C,C,11,
20170805093250,2017-08-05 09:32:50,2017-08-05 12:00:00,ev_C,C,2,
20170805093300,2017-08-05 09:33:00,2017-08-05 12:00:00,ev_K,K,3,
20170805093310,2017-08-05 09:33:10,2017-08-05 12:00:00,ev_C,C,15,
20170805093320,2017-08-05 09:33:20,2017-08-05 12:00:00,ev_C,C,18,
20170805093330,2017-08-05 09:33:30,2017-08-05 12:00:00,ev_N,K,5,
20170805093340,2017-08-05 09:33:40,2017-08-05 12:00:00,ev_C,C,5,
20170805093350,2017-08-05 09:33:50,2017-08-05 12:00:00,ev_K,K,5,
20170805093400,2017-08-05 09:34:00,2017-08-05 12:00:00,ev_K,K,2,
20170805093410,2017-08-05 09:34:10,2017-08-05 12:00:00,ev_C,C,15,
20170805093420,2017-08-05 09:34:20,2017-08-05 12:00:00,ev_C,C,7,
20170805093430,2017-08-05 09:34:30,2017-08-05 12:00:00,ev_N,K,1,
20170805093440,2017-08-05 09:34:40,2017-08-05 12:00:00,ev_C,C,16,
20170805093450,2017-08-05 09:34:50,2017-08-05 12:00:00,ev_K,K,1,
20170805093500,2017-08-05 09:35:00,2017-08-05 12:00:00,ev_C,C,3,
20170805093510,2017-08-05 09:35:10,2017-08-05 12:00:00,ev_C,C,16,
20170805093520,2017-08-05 09:35:20,2017-08-05 12:00:00,ev_C,C,1,
20170805093530,2017-08-05 09:35:30,2017-08-05 12:00:00,ev_C,C,3,
20170805093540,2017-08-05 09:35:40,2017-08-05 12:00:00,ev_C,C,6,
20170805093550,2017-08-05 09:35:50,2017-08-05 12:00:00,ev_C,C,14,
20170805093600,2017-08-05 09:36:00,2017-08-05 12:00:00,ev_N,K,3,
20170805093610,2017-08-05 09:36:10,2017-08-05 12:00:00,ev_C,C,9,
20170805093620,2017-08-05 09:36:20,2017-08-05 12:00:00,ev_C,C,11,
20170805093630,2017-08-05 09:36:30,2017-08-05 12:00:00,ev_C,C,19,
20170805093640,2017-08-05 09:36:40,2017-08-05 12:00:00,ev_C,C,14,
20170805093650,2017-08-05 09:36:50,2017-08-05 12:00:00,ev_C,C,2,
20170805093700,2017-08-05 09:37:00,2017-08-05 12:00:00,ev_C,C,15,
20170805093710,2017-08-05 09:37:10,2017-08-05 12:00:00,ev_C,C,18,
20170805093720,2017-08-05 09:37:20,2017-08-05 12:00:00,ev_C,C,14,
20170805093730,2017-08-05 09:37:30,2017-08-05 12:00:00,ev_C,C,20,
20170805093740,2017-08-05 09:37:40,2017-08-05 12:00:00,ev_C,C,13,
20170805093750,2017-08-05 09:37:50,2017-08-05 12:00:00,ev_C,C,20,
20170805093800,2017-08-05 09:38:00,2017-08-05 12:00:00,ev_C,C,17,
20170805093810,2017-08-05 09:38:10,2017-08-05 12:00:00,ev_N,K,4,
20170805093820,2017-08-05 09:38:20,2017-08-05 12:00:00,ev_K,K,3,
20170805093830,2017-08-05 09:38:30,2017-08-05 12:00:00,ev_N,K,1,
20170805093840,2017-08-05 09:38:40,2017-08-05 12:00:00,ev_C,C,11,
20170805093850,2017-08-05 09:38:50,2017-08-05 12:00:00,ev_C,C,2,
20170805093900,2017-08-05 09:39:00,2017-08-05 12:00:00,ev_C,C,8,
20170805093910,2017-08-05 09:39:10,2017-08-05 12:00:00,ev_C,C,4,
20170805093920,2017-08-05 09:39:20,2017-08-05 12:00:00,ev_C,C,13,
20170805093930,2017-08-05 09:39:30,2017-08-05 12:00:00,ev_K,K,2,
20170805093940,2017-08-05 09:39:40,2017-08-05 12:00:00,ev_C,C,7,
20170805093950,2017-08-05 09:39:50,2017-08-05 12:00:00,ev_C,C,9,
20170805094000,2017-08-05 09:40:00,2017-08-05 12:00:00,ev_K,K,4,
20170805094010,2017-08-05 09:40:10,2017-08-05 12:00:00,ev_C,C,2,
20170805094020,2017-08-05 09:40:20,2017-08-05 12:00:00,ev_K,K,3,
20170805094030,2017-08-05 09:40:30,2017-08-05 12:00:00,ev_C,C,7,
20170805094040,2017-08-05 09:40:40,2017-08-05 12:00:00,ev_N,K,1,
20170805094050,2017-08-05 09:40:50,2017-08-05 12:00:00,ev_C,C,12,
20170805094100,2017-08-05 09:41:00,2017-08-05 12:00:00,ev_K,K,2,
20170805094110,2017-08-05 09:41:10,2017-08-05 12:00:00,ev_C,C,1,
20170805094120,2017-08-05 09:41:20,2017-08-05 12:00:00,ev_C,C,11,
20170805094130,2017-08-05 09:41:30,2017-08-05 12:00:00,ev_C,C,16,
20170805094140,2017-08-05 09:41:40,2017-08-05 12:00:00,ev_C,C,4,
20170805094150,2017-08-05 09:41:50,2017-08-05 12:00:00,ev_C,C,12,
20170805094200,2017-08-05 09:42:00,2017-08-05 12:00:00,ev_N,K,1,
20170805094210,2017-08-05 09:42:10,2017-08-05 12:00:00,ev_N,K,3,
20170805094220,2017-08-05 09:42:20,2017-08-05 12:00:00,ev_C,C,8,
20170805094230,2017-08-05 09:42:30,2017-08-05 12:00:00,ev_C,C,17,
20170805094240,2017-08-05 09:42:40,2017-08-05 12:00:00,ev_K,K,4,
20170805094250,2017-08-05 09:42:50,2017-08-05 12:00:00,ev_K,K,4,
20170805094300,2017-08-05 09:43:00,2017-08-05 12:00:00,ev_C,C,10,
20170805094310,2017-08-05 09:43:10,2017-08-05 12:00:00,ev_C,C,5,
20170805094320,2017-08-05 09:43:20,2017-08-05 12:00:00,ev_K,K,3,
20170805094330,2017-08-05 09:43:30,2017-08-05 12:00:00,ev_N,K,2,
20170805094340,2017-08-05 09:43:40,2017-08-05 12:00:00,ev_C,C,8,
20170805094350,2017-08-05 09:43:50,2017-08-05 12:00:00,ev_C,C,16,
20170805094400,2017-08-05 09:44:00,2017-08-05 12:00:00,ev_C,C,3,
20170805094410,2017-08-05 09:44:10,2017-08-05 12:00:00,ev_K,K,5,
20170805094420,2017-08-05 09:44:20,2017-08-05 12:00:00,ev_N,K,5,
20170805094430,2017-08-05 09:44:30,2017-08-05 12:00:00,ev_C,C,17,
20170805094440,2017-08-05 09:44:40,2017-08-05 12:00:00,ev_C,C,14,
20170805094450,2017-08-05 09:44:50,2017-08-05 12:00:00,ev_K,K,1,
20170805094500,2017-08-05 09:45:00,2017-08-05 12:00:00,ev_C,C,12,
20170805094510,2017-08-05 09:45:10,2017-08-05 12:00:00,ev_K,K,1,
20170805094520,2017-08-05 09:45:20,2017-08-05 12:00:00,ev_C,C,2,
20170805094530,2017-08-05 09:45:30,2017-08-05 12:00:00,ev_C,C,10,
20170805094540,2017-08-05 09:45:40,2017-08-05 12:00:00,ev_C,C,11,
20170805094550,2017-08-05 09:45:50,2017-08-05 12:00:00,ev_C,C,12,
20170805094600,2017-08-05 09:46:00,2017-08-05 12:00:00,ev_C,C,4,
20170805094610,2017-08-05 09:46:10,2017-08-05 12:00:00,ev_C,C,18,
20170805094620,2017-08-05 09:46:20,2017-08-05 12:00:00,ev_K,K,2,
20170805094630,2017-08-05 09:46:30,2017-08-05 12:00:00,ev_C,C,19,
20170805094640,2017-08-05 09:46:40,2017-08-05 12:00:00,ev_K,K,3,
20170805094650,2017-08-05 09:46:50,2017-08-05 12:00:00,ev_C,C,5,
20170805094700,2017-08-05 09:47:00,2017-08-05 12:00:00,ev_C,C,12,
20170805094710,2017-08-05 09:47:10,2017-08-05 12:00:00,ev_K,K,5,
20170805094720,2017-08-05 09:47:20,2017-08-05 12:00:00,ev_K,K,3,
20170805094730,2017-08-05 09:47:30,2017-08-05 12:00:00,ev_C,C,7,
20170805094740,2017-08-05 09:47:40,2017-08-05 12:00:00,ev_N,K,5,
20170805094750,2017-08-05 09:47:50,2017-08-05 12:00:00,ev_C,C,17,
20170805094800,2017-08-05 09:48:00,2017-08-05 12:00:00,ev_C,C,15,
20170805094810,2017-08-05 09:48:10,2017-08-05 12:00:00,ev_C,C,18,
20170805094820,2017-08-05 09:48:20,2017-08-05 12:00:00,ev_K,K,5,
20170805094830,2017-08-05 09:48:30,2017-08-05 12:00:00,ev_C,C,15,
20170805094840,2017-08-05 09:48:40,2017-08-05 12:00:00,ev_K,K,4,
20170805094850,2017-08-05 09:48:50,2017-08-05 12:00:00,ev_C,C,12,
20170805094900,2017-08-05 09:49:00,2017-08-05 12:00:00,ev_C,C,14,
20170805094910,2017-08-05 09:49:10,2017-08-05 12:00:00,ev_C,C,7,
20170805094920,2017-08-05 09:49:20,2017-08-05 12:00:00,ev_K,K,5,
20170805094930,2017-08-05 09:49:30,2017-08-05 12:00:00,ev_C,C,5,
20170805094940,2017-08-05 09:49:40,2017-08-05 12:00:00,ev_C,C,13,
20170805094950,2017-08-05 09:49:50,2017-08-05 12:00:00,ev_C,C,11,
20170805095000,2017-08-05 09:50:00,2017-08-05 12:00:00,ev_K,K,2,
20170805095010,2017-08-05 09:50:10,2017-08-05 12:00:00,ev_C,C,4,
20170805095020,2017-08-05 09:50:20,2017-08-05 12:00:00,ev_C,C,19,
20170805095030,2017-08-05 09:50:30,2017-08-05 12:00:00,ev_K,K,1,
20170805095040,2017-08-05 09:50:40,2017-08-05 12:00:00,ev_C,C,8,
20170805095050,2017-08-05 09:50:50,2017-08-05 12:00:00,ev_C,C,11,
20170805095100,2017-08-05 09:51:00,2017-08-05 12:00:00,ev_C,C,5,
20170805095110,2017-08-05 09:51:10,2017-08-05 12:00:00,ev_C,C,8,
20170805095120,2017-08-05 09:51:20,2017-08-05 12:00:00,ev_K,K,5,
20170805095130,2017-08-05 09:51:30,2017-08-05 12:00:00,ev_C,C,11,
20170805095140,2017-08-05 09:51:40,2017-08-05 12:00:00,ev_N,K,2,
20170805095150,2017-08-05 09:51:50,2017-08-05 12:00:00,ev_K,K,2,
20170805095200,2017-08-05 09:52:00,2017-08-05 12:00:00,ev_C,C,9,
20170805095210,2017-08-05 09:52:10,2017-08-05 12:00:00,ev_K,K,3,
20170805095220,2017-08-05 09:52:20,2017-08-05 12:00:00,ev_C,C,8,
20170805095230,2017-08-05 09:52:30,2017-08-05 12:00:00,ev_C,C,8,
20170805095240,2017-08-05 09:52:40,2017-08-05 12:00:00,ev_C,C,9,
20170805095250,2017-08-05 09:52:50,2017-08-05 12:00:00,ev_C,C,16,
20170805095300,2017-08-05 09:53:00,2017-08-05 12:00:00,ev_C,C,10,
20170805095310,2017-08-05 09:53:10,2017-08-05 12:00:00,ev_C,C,16,
20170805095320,2017-08-05 09:53:20,2017-08-05 12:00:00,ev_C,C,10,
20170805095330,2017-08-05 09:53:30,2017-08-05 12:00:00,ev_N,K,4,
20170805095340,2017-08-05 09:53:40,2017-08-05 12:00:00,ev_K,K,1,
20170805095350,2017-08-05 09:53:50,2017-08-05 12:00:00,ev_C,C,11,
20170805095400,2017-08-05 09:54:00,2017-08-05 12:00:00,ev_K,K,3,
20170805095410,2017-08-05 09:54:10,2017-08-05 12:00:00,ev_C,C,1,
20170805095420,2017-08-05 09:54:20,2017-08-05 12:00:00,ev_K,K,5,
20170805095430,2017-08-05 09:54:30,2017-08-05 12:00:00,ev_K,K,1,
20170805095440,2017-08-05 09:54:40,2017-08-05 12:00:00,ev_K,K,4,
20170805095450,2017-08-05 09:54:50,2017-08-05 12:00:00,ev_C,C,5,
20170805095500,2017-08-05 09:55:00,2017-08-05 12:00:00,ev_K,K,1,
20170805095510,2017-08-05 09:55:10,2017-08-05 12:00:00,ev_C,C,12,
20170805095520,2017-08-05 09:55:20,2017-08-05 12:00:00,ev_K,K,3,
20170805095530,2017-08-05 09:55:30,2017-08-05 12:00:00,ev_C,C,2,
20170805095540,2017-08-05 09:55:40,2017-08-05 12:00:00,ev_C,C,11,
20170805095550,2017-08-05 09:55:50,2017-08-05 12:00:00,ev_C,C,15,
20170805095600,2017-08-05 09:56:00,2017-08-05 12:00:00,ev_C,C,3,
20170805095610,2017-08-05 09:56:10,2017-08-05 12:00:00,ev_C,C,2,
20170805095620,2017-08-05 09:56:20,2017-08-05 12:00:00,ev_C,C,19,
20170805095630,2017-08-05 09:56:30,2017-08-05 12:00:00,ev_N,K,3,
20170805095640,2017-08-05 09:56:40,2017-08-05 12:00:00,ev_C,C,5,
20170805095650,2017-08-05 09:56:50,2017-08-05 12:00:00,ev_C,C,5,
20170805095700,2017-08-05 09:57:00,2017-08-05 12:00:00,ev_N,K,2,
20170805095710,2017-08-05 09:57:10,2017-08-05 12:00:00,ev_N,K,2,
20170805095720,2017-08-05 09:57:20,2017-08-05 12:00:00,ev_C,C,20,
20170805095730,2017-08-05 09:57:30,2017-08-05 12:00:00,ev_C,C,10,
20170805095740,2017-08-05 09:57:40,2017-08-05 12:00:00,ev_C,C,1,
20170805095750,2017-08-05 09:57:50,2017-08-05 12:00:00,ev_C,C,4,
20170805095800,2017-08-05 09:58:00,2017-08-05 12:00:00,ev_C,C,10,
20170805095810,2017-08-05 09:58:10,2017-08-05 12:00:00,ev_K,K,5,
20170805095820,2017-08-05 09:58:20,2017-08-05 12:00:00,ev_C,C,3,
20170805095830,2017-08-05 09:58:30,2017-08-05 12:00:00,ev_C,C,19,
20170805095840,2017-08-05 09:58:40,2017-08-05 12:00:00,ev_C,C,2,
20170805095850,2017-08-05 09:58:50,2017-08-05 12:00:00,ev_C,C,9,
20170805095900,2017-08-05 09:59:00,2017-08-05 12:00:00,ev_C,C,15,
20170805095910,2017-08-05 09:59:10,2017-08-05 12:00:00,ev_C,C,16,
20170805095920,2017-08-05 09:59:20,2017-08-05 12:00:00,ev_K,K,4,
20170805095930,2017-08-05 09:59:30,2017-08-05 12:00:00,ev_C,C,4,
20170805095940,2017-08-05 09:59:40,2017-08-05 12:00:00,ev_K,K,2,
20170805095950,2017-08-05 09:59:50,2017-08-05 12:00:00,ev_C,C,19,
20170805100000,2017-08-05 10:00:00,2017-08-05 12:00:00,ev_C,C,19,
20170805100010,2017-08-05 10:00:10,2017-08-05 12:00:00,ev_C,C,10,
20170805100020,2017-08-05 10:00:20,2017-08-05 12:00:00,ev_K,K,5,
20170805100030,2017-08-05 10:00:30,2017-08-05 12:00:00,ev_K,K,4,
20170805100040,2017-08-05 10:00:40,2017-08-05 12:00:00,ev_C,C,3,
20170805100050,2017-08-05 10:00:50,2017-08-05 12:00:00,ev_C,C,15,
20170805100100,2017-08-05 10:01:00,2017-08-05 12:00:00,ev_C,C,20,
20170805100110,2017-08-05 10:01:10,2017-08-05 12:00:00,ev_C,C,18,
20170805100120,2017-08-05 10:01:20,2017-08-05 12:00:00,ev_C,C,15,
20170805100130,2017-08-05 10:01:30,2017-08-05 12:00:00,ev_K,K,3,
20170805100140,2017-08-05 10:01:40,2017-08-05 12:00:00,ev_C,C,1,
20170805100150,2017-08-05 10:01:50,2017-08-05 12:00:00,ev_C,C,16,
20170805100200,2017-08-05 10:02:00,2017-08-05 12:00:00,ev_C,C,9,
20170805100210,2017-08-05 10:02:10,2017-08-05 12:00:00,ev_C,C,7,
20170805100220,2017-08-05 10:02:20,2017-08-05 12:00:00,ev_C,C,8,
20170805100230,2017-08-05 10:02:30,2017-08-05 12:00:00,ev_N,K,1,
20170805100240,2017-08-05 10:02:40,2017-08-05 12:00:00,ev_C,C,12,
20170805100250,2017-08-05 10:02:50,2017-08-05 12:00:00,ev_C,C,9,
20170805100300,2017-08-05 10:03:00,2017-08-05 12:00:00,ev_C,C,17,
20170805100310,2017-08-05 10:03:10,2017-08-05 12:00:00,ev_C,C,20,
20170805100320,2017-08-05 10:03:20,2017-08-05 12:00:00,ev_C,C,15,
20170805100330,2017-08-05 10:03:30,2017-08-05 12:00:00,ev_C,C,1,
20170805100340,2017-08-05 10:03:40,2017-08-05 12:00:00,ev_C,C,9,
20170805100350,2017-08-05 10:03:50,2017-08-05 12:00:00,ev_C,C,15,
20170805100400,2017-08-05 10:04:00,2017-08-05 12:00:00,ev_C,C,15,
20170805100410,2017-08-05 10:04:10,2017-08-05 12:00:00,ev_K,K,3,
20170805100420,2017-08-05 10:04:20,2017-08-05 12:00:00,ev_K,K,4,
20170805100430,2017-08-05 10:04:30,2017-08-05 12:00:00,ev_K,K,5,
20170805100440,2017-08-05 10:04:40,2017-08-05 12:00:00,ev_C,C,1,
20170805100450,2017-08-05 10:04:50,2017-08-05 12:00:00,ev_C,C,9,
20170805100500,2017-08-05 10:05:00,2017-08-05 12:00:00,ev_N,K,1,
20170805100510,2017-08-05 10:05:10,2017-08-05 12:00:00,ev_C,C,10,
20170805100520,2017-08-05 10:05:20,2017-08-05 12:00:00,ev_K,K,4,
20170805100530,2017-08-05 10:05:30,2017-08-05 12:00:00,ev_C,C,19,
20170805100540,2017-08-05 10:05:40,2017-08-05 12:00:00,ev_C,C,6,
20170805100550,2017-08-05 10:05:50,2017-08-05 12:00:00,ev_C,C,6,
20170805100600,2017-08-05 10:06:00,2017-08-05 12:00:00,ev_K,K,2,
20170805100610,2017-08-05 10:06:10,2017-08-05 12:00:00,ev_C,C,12,
20170805100620,2017-08-05 10:06:20,2017-08-05 12:00:00,ev_C,C,15,
20170805100630,2017-08-05 10:06:30,2017-08-05 12:00:00,ev_N,K,5,
20170805100640,2017-08-05 10:06:40,2017-08-05 12:00:00,ev_C,C,12,
20170805100650,2017-08-05 10:06:50,2017-08-05 12:00:00,ev_C,C,20,
20170805100700,2017-08-05 10:07:00,2017-08-05 12:00:00,ev_C,C,12,
20170805100710,2017-08-05 10:07:10,2017-08-05 12:00:00,ev_C,C,20,
20170805100720,2017-08-05 10:07:20,2017-08-05 12:00:00,ev_C,C,15,
20170805100730,2017-08-05 10:07:30,2017-08-05 12:00:00,ev_K,K,3,
20170805100740,2017-08-05 10:07:40,2017-08-05 12:00:00,ev_C,C,12,
20170805100750,2017-08-05 10:07:50,2017-08-05 12:00:00,ev_C,C,14,
20170805100800,2017-08-05 10:08:00,2017-08-05 12:00:00,ev_K,K,1,
20170805100810,2017-08-05 10:08:10,2017-08-05 12:00:00,ev_C,C,13,
20170805100820,2017-08-05 10:08:20,2017-08-05 12:00:00,ev_N,K,1,
20170805100830,2017-08-05 10:08:30,2017-08-05 12:00:00,ev_C,C,9,
20170805100840,2017-08-05 10:08:40,2017-08-05 12:00:00,ev_K,K,2,
20170805100850,2017-08-05 10:08:50,2017-08-05 12:00:00,ev_K,K,3,
20170805100900,2017-08-05 10:09:00,2017-08-05 12:00:00,ev_K,K,5,
20170805100910,2017-08-05 10:09:10,2017-08-05 12:00:00,ev_C,C,3,
20170805100920,2017-08-05 10:09:20,2017-08-05 12:00:00,ev_N,K,4,
20170805100930,2017-08-05 10:09:30,2017-08-05 12:00:00,ev_C,C,17,
20170805100940,2017-08-05 10:09:40,2017-08-05 12:00:00,ev_C,C,16,
20170805100950,2017-08-05 10:09:50,2017-08-05 12:00:00,ev_C,C,1,
20170805101000,2017-08-05 10:10:00,2017-08-05 12:00:00,ev_C,C,9,
20170805101010,2017-08-05 10:10:10,2017-08-05 12:00:00,ev_C,C,9,
20170805101020,2017-08-05 10:10:20,2017-08-05 12:00:00,ev_C,C,18,
20170805101030,2017-08-05 10:10:30,2017-08-05 12:00:00,ev_C,C,2,
20170805101040,2017-08-05 10:10:40,2017-08-05 12:00:00,ev_C,C,19,
20170805101050,2017-08-05 10:10:50,2017-08-05 12:00:00,ev_C,C,12,
20170805101100,2017-08-05 10:11:00,2017-08-05 12:00:00,ev_C,C,17,
20170805101110,2017-08-05 10:11:10,2017-08-05 12:00:00,ev_K,K,3,
20170805101120,2017-08-05 10:11:20,2017-08-05 12:00:00,ev_C,C,2,
20170805101130,2017-08-05 10:11:30,2017-08-05 12:00:00,ev_C,C,13,
20170805101140,2017-08-05 10:11:40,2017-08-05 12:00:00,ev_C,C,12,
20170805101150,2017-08-05 10:11:50,2017-08-05 12:00:00,ev_C,C,2,
20170805101200,2017-08-05 10:12:00,2017-08-05 12:00:00,ev_N,K,2,
20170805101210,2017-08-05 10:12:10,2017-08-05 12:00:00,ev_C,C,16,
20170805101220,2017-08-05 10:12:20,2017-08-05 12:00:00,ev_C,C,7,
20170805101230,2017-08-05 10:12:30,2017-08-05 12:00:00,ev_C,C,17,
20170805101240,2017-08-05 10:12:40,2017-08-05 12:00:00,ev_C,C,6,
20170805101250,2017-08-05 10:12:50,2017-08-05 12:00:00,ev_C,C,7,
20170805101300,2017-08-05 10:13:00,2017-08-05 12:00:00,ev_C,C,20,
20170805101310,2017-08-05 10:13:10,2017-08-05 12:00:00,ev_N,K,5,
20170805101320,2017-08-05 10:13:20,2017-08-05 12:00:00,ev_K,K,5,
20170805101330,2017-08-05 10:13:30,2017-08-05 12:00:00,ev_C,C,20,
20170805101340,2017-08-05 10:13:40,2017-08-05 12:00:00,ev_C,C,3,
20170805101350,2017-08-05 10:13:50,2017-08-05 12:00:00,ev_C,C,8,
20170805101400,2017-08-05 10:14:00,2017-08-05 12:00:00,ev_C,C,4,
20170805101410,2017-08-05 10:14:10,2017-08-05 12:00:00,ev_C,C,6,
20170805101420,2017-08-05 10:14:20,2017-08-05 12:00:00,ev_N,K,4,
20170805101430,2017-08-05 10:14:30,2017-08-05 12:00:00,ev_K,K,5,
20170805101440,2017-08-05 10:14:40,2017-08-05 12:00:00,ev_C,C,10,
20170805101450,2017-08-05 10:14:50,2017-08-05 12:00:00,ev_C,C,13,
20170805101500,2017-08-05 10:15:00,2017-08-05 12:00:00,ev_C,C,7,
20170805101510,2017-08-05 10:15:10,2017-08-05 12:00:00,ev_C,C,20,
20170805101520,2017-08-05 10:15:20,2017-08-05 12:00:00,ev_C,C,17,
20170805101530,2017-08-05 10:15:30,2017-08-05 12:00:00,ev_C,C,6,
20170805101540,2017-08-05 10:15:40,2017-08-05 12:00:00,ev_C,C,4,
20170805101550,2017-08-05 10:15:50,2017-08-05 12:00:00,ev_C,C,3,
20170805101600,2017-08-05 10:16:00,2017-08-05 12:00:00,ev_K,K,3,
20170805101610,2017-08-05 10:16:10,2017-08-05 12:00:00,ev_C,C,16,
20170805101620,2017-08-05 10:16:20,2017-08-05 12:00:00,ev_K,K,3,
20170805101630,2017-08-05 10:16:30,2017-08-05 12:00:00,ev_C,C,13,
20170805101640,2017-08-05 10:16:40,2017-08-05 12:00:00,ev_C,C,9,
20170805101650,2017-08-05 10:16:50,2017-08-05 12:00:00,ev_C,C,18,
20170805101700,2017-08-05 10:17:00,2017-08-05 12:00:00,ev_C,C,8,
20170805101710,2017-08-05 10:17:10,2017-08-05 12:00:00,ev_C,C,17,
20170805101720,2017-08-05 10:17:20,2017-08-05 12:00:00,ev_C,C,14,
20170805101730,2017-08-05 10:17:30,2017-08-05 12:00:00,ev_C,C,10,
20170805101740,2017-08-05 10:17:40,2017-08-05 12:00:00,ev_C,C,7,
20170805101750,2017-08-05 10:17:50,2017-08-05 12:00:00,ev_C,C,18,
20170805101800,2017-08-05 10:18:00,2017-08-05 12:00:00,ev_C,C,16,
20170805101810,2017-08-05 10:18:10,2017-08-05 12:00:00,ev_C,C,17,
20170805101820,2017-08-05 10:18:20,2017-08-05 12:00:00,ev_C,C,12,
20170805101830,2017-08-05 10:18:30,2017-08-05 12:00:00,ev_C,C,13,
20170805101840,2017-08-05 10:18:40,2017-08-05 12:00:00,ev_C,C,5,
20170805101850,2017-08-05 10:18:50,2017-08-05 12:00:00,ev_C,C,19,
20170805101900,2017-08-05 10:19:00,2017-08-05 12:00:00,ev_K,K,2,
20170805101910,2017-08-05 10:19:10,2017-08-05 12:00:00,ev_C,C,19,
20170805101920,2017-08-05 10:19:20,2017-08-05 12:00:00,ev_C,C,19,
20170805101930,2017-08-05 10:19:30,2017-08-05 12:00:00,ev_C,C,10,
20170805101940,2017-08-05 10:19:40,2017-08-05 12:00:00,ev_C,C,8,
20170805101950,2017-08-05 10:19:50,2017-08-05 12:00:00,ev_C,C,9,
20170805102000,2017-08-05 10:20:00,2017-08-05 12:00:00,ev_K,K,1,
20170805102010,2017-08-05 10:20:10,2017-08-05 12:00:00,ev_K,K,1,
20170805102020,2017-08-05 10:20:20,2017-08-05 12:00:00,ev_C,C,13,
20170805102030,2017-08-05 10:20:30,2017-08-05 12:00:00,ev_C,C,7,
20170805102040,2017-08-05 10:20:40,2017-08-05 12:00:00,ev_C,C,11,
20170805102050,2017-08-05 10:20:50,2017-08-05 12:00:00,ev_C,C,12,
20170805102100,2017-08-05 10:21:00,2017-08-05 12:00:00,ev_K,K,3,
20170805102110,2017-08-05 10:21:10,2017-08-05 12:00:00,ev_K,K,1,
20170805102120,2017-08-05 10:21:20,2017-08-05 12:00:00,ev_C,C,11,
20170805102130,2017-08-05 10:21:30,2017-08-05 12:00:00,ev_C,C,7,
20170805102140,2017-08-05 10:21:40,2017-08-05 12:00:00,ev_C,C,2,
20170805102150,2017-08-05 10:21:50,2017-08-05 12:00:00,ev_C,C,20,
20170805102200,2017-08-05 10:22:00,2017-08-05 12:00:00,ev_C,C,1,
20170805102210,2017-08-05 10:22:10,2017-08-05 12:00:00,ev_K,K,5,
20170805102220,2017-08-05 10:22:20,2017-08-05 12:00:00,ev_C,C,3,
20170805102230,2017-08-05 10:22:30,2017-08-05 12:00:00,ev_C,C,8,
20170805102240,2017-08-05 10:22:40,2017-08-05 12:00:00,ev_C,C,5,
20170805102250,2017-08-05 10:22:50,2017-08-05 12:00:00,ev_N,K,3,
20170805102300,2017-08-05 10:23:00,2017-08-05 12:00:00,ev_C,C,20,
20170805102310,2017-08-05 10:23:10,2017-08-05 12:00:00,ev_K,K,5,
20170805102320,2017-08-05 10:23:20,2017-08-05 12:00:00,ev_C,C,11,
20170805102330,2017-08-05 10:23:30,2017-08-05 12:00:00,ev_K,K,3,
20170805102340,2017-08-05 10:23:40,2017-08-05 12:00:00,ev_C,C,2,
20170805102350,2017-08-05 10:23:50,2017-08-05 12:00:00,ev_C,C,13,
20170805102400,2017-08-05 10:24:00,2017-08-05 12:00:00,ev_K,K,1,
20170805102410,2017-08-05 10:24:10,2017-08-05 12:00:00,ev_C,C,20,
20170805102420,2017-08-05 10:24:20,2017-08-05 12:00:00,ev_C,C,13,
20170805102430,2017-08-05 10:24:30,2017-08-05 12:00:00,ev_C,C,2,
20170805102440,2017-08-05 10:24:40,2017-08-05 12:00:00,ev_C,C,13,
20170805102450,2017-08-05 10:24:50,2017-08-05 12:00:00,ev_C,C,16,
20170805102500,2017-08-05 10:25:00,2017-08-05 12:00:00,ev_C,C,16,
20170805102510,2017-08-05 10:25:10,2017-08-05 12:00:00,ev_C,C,14,
20170805102520,2017-08-05 10:25:20,2017-08-05 12:00:00,ev_C,C,1,
20170805102530,2017-08-05 10:25:30,2017-08-05 12:00:00,ev_K,K,1,
20170805102540,2017-08-05 10:25:40,2017-08-05 12:00:00,ev_K,K,4,
20170805102550,2017-08-05 10:25:50,2017-08-05 12:00:00,ev_K,K,3,
20170805102600,2017-08-05 10:26:00,2017-08-05 12:00:00,ev_C,C,5,
20170805102610,2017-08-05 10:26:10,2017-08-05 12:00:00,ev_C,C,1,
20170805102620,2017-08-05 10:26:20,2017-08-05 12:00:00,ev_C,C,7,
20170805102630,2017-08-05 10:26:30,2017-08-05 12:00:00,ev_C,C,18,
20170805102640,2017-08-05 10:26:40,2017-08-05 12:00:00,ev_C,C,15,
20170805102650,2017-08-05 10:26:50,2017-08-05 12:00:00,ev_C,C,5,
20170805102700,2017-08-05 10:27:00,2017-08-05 12:00:00,ev_C,C,13,
20170805102710,2017-08-05 10:27:10,2017-08-05 12:00:00,ev_C,C,4,
20170805102720,2017-08-05 10:27:20,2017-08-05 12:00:00,ev_C,C,7,
20170805102730,2017-08-05 10:27:30,2017-08-05 12:00:00,ev_C,C,7,
20170805102740,2017-08-05 10:27:40,2017-08-05 12:00:00,ev_C,C,19,
20170805102750,2017-08-05 10:27:50,2017-08-05 12:00:00,ev_C,C,1,
20170805102800,2017-08-05 10:28:00,2017-08-05 12:00:00,ev_C,C,7,
20170805102810,2017-08-05 10:28:10,2017-08-05 12:00:00,ev_K,K,5,
20170805102820,2017-08-05 10:28:20,2017-08-05 12:00:00,ev_C,C,8,
20170805102830,2017-08-05 10:28:30,2017-08-05 12:00:00,ev_K,K,4,
20170805102840,2017-08-05 10:28:40,2017-08-05 12:00:00,ev_C,C,9,
20170805102850,2017-08-05 10:28:50,2017-08-05 12:00:00,ev_C,C,11,
20170805102900,2017-08-05 10:29:00,2017-08-05 12:00:00,ev_K,K,1,
20170805102910,2017-08-05 10:29:10,2017-08-05 12:00:00,ev_C,C,12,
20170805102920,2017-08-05 10:29:20,2017-08-05 12:00:00,ev_C,C,17,
20170805102930,2017-08-05 10:29:30,2017-08-05 12:00:00,ev_K,K,4,
20170805102940,2017-08-05 10:29:40,2017-08-05 12:00:00,ev_C,C,15,
20170805102950,2017-08-05 10:29:50,2017-08-05 12:00:00,ev_C,C,14,
20170805103000,2017-08-05 10:30:00,2017-08-05 12:00:00,ev_N,K,5,
20170805103010,2017-08-05 10:30:10,2017-08-05 12:00:00,ev_K,K,1,
20170805103020,2017-08-05 10:30:20,2017-08-05 12:00:00,ev_C,C,15,
20170805103030,2017-08-05 10:30:30,2017-08-05 12:00:00,ev_C,C,9,
20170805103040,2017-08-05 10:30:40,2017-08-05 12:00:00,ev_C,C,11,
20170805103050,2017-08-05 10:30:50,2017-08-05 12:00:00,ev_K,K,3,
20170805103100,2017-08-05 10:31:00,2017-08-05 12:00:00,ev_K,K,1,
20170805103110,2017-08-05 10:31:10,2017-08-05 12:00:00,ev_C,C,9,
20170805103120,2017-08-05 10:31:20,2017-08-05 12:00:00,ev_N,K,4,
20170805103130,2017-08-05 10:31:30,2017-08-05 12:00:00,ev_C,C,3,
20170805103140,2017-08-05 10:31:40,2017-08-05 12:00:00,ev_K,K,5,
20170805103150,2017-08-05 10:31:50,2017-08-05 12:00:00,ev_C,C,18,
20170805103200,2017-08-05 10:32:00,2017-08-05 12:00:00,ev_C,C,14,
20170805103210,2017-08-05 10:32:10,2017-08-05 12:00:00,ev_C,C,2,
20170805103220,2017-08-05 10:32:20,2017-08-05 12:00:00,ev_C,C,12,
20170805103230,2017-08-05 10:32:30,2017-08-05 12:00:00,ev_K,K,2,
20170805103240,2017-08-05 10:32:40,2017-08-05 12:00:00,ev_C,C,20,
20170805103250,2017-08-05 10:32:50,2017-08-05 12:00:00,ev_C,C,14,
20170805103300,2017-08-05 10:33:00,2017-08-05 12:00:00,ev_N,K,2,
20170805103310,2017-08-05 10:33:10,2017-08-05 12:00:00,ev_C,C,5,
20170805103320,2017-08-05 10:33:20,2017-08-05 12:00:00,ev_C,C,7,
20170805103330,2017-08-05 10:33:30,2017-08-05 12:00:00,ev_C,C,2,
20170805103340,2017-08-05 10:33:40,2017-08-05 12:00:00,ev_C,C,17,
20170805103350,2017-08-05 10:33:50,2017-08-05 12:00:00,ev_C,C,16,
20170805103400,2017-08-05 10:34:00,2017-08-05 12:00:00,ev_C,C,5,
20170805103410,2017-08-05 10:34:10,2017-08-05 12:00:00,ev_C,C,2,
20170805103420,2017-08-05 10:34:20,2017-08-05 12:00:00,ev_K,K,5,
20170805103430,2017-08-05 10:34:30,2017-08-05 12:00:00,ev_C,C,9,
20170805103440,2017-08-05 10:34:40,2017-08-05 12:00:00,ev_K,K,2,
20170805103450,2017-08-05 10:34:50,2017-08-05 12:00:00,ev_C,C,20,
20170805103500,2017-08-05 10:35:00,2017-08-05 12:00:00,ev_C,C,15,
20170805103510,2017-08-05 10:35:10,2017-08-05 12:00:00,ev_C,C,19,
20170805103520,2017-08-05 10:35:20,2017-08-05 12:00:00,ev_C,C,1,
20170805103530,2017-08-05 10:35:30,2017-08-05 12:00:00,ev_C,C,17,
20170805103540,2017-08-05 10:35:40,2017-08-05 12:00:00,ev_C,C,14,
20170805103550,2017-08-05 10:35:50,2017-08-05 12:00:00,ev_C,C,15,
20170805103600,2017-08-05 10:36:00,2017-08-05 12:00:00,ev_C,C,20,
20170805103610,2017-08-05 10:36:10,2017-08-05 12:00:00,ev_C,C,14,
20170805103620,2017-08-05 10:36:20,2017-08-05 12:00:00,ev_C,C,6,
20170805103630,2017-08-05 10:36:30,2017-08-05 12:00:00,ev_C,C,5,
20170805103640,2017-08-05 10:36:40,2017-08-05 12:00:00,ev_C,C,16,
20170805103650,2017-08-05 10:36:50,2017-08-05 12:00:00,ev_K,K,2,
20170805103700,2017-08-05 10:37:00,2017-08-05 12:00:00,ev_C,C,19,
20170805103710,2017-08-05 10:37:10,2017-08-05 12:00:00,ev_C,C,12,
20170805103720,2017-08-05 10:37:20,2017-08-05 12:00:00,ev_C,C,17,
20170805103730,2017-08-05 10:37:30,2017-08-05 12:00:00,ev_C,C,12,
20170805103740,2017-08-05 10:37:40,2017-08-05 12:00:00,ev_C,C,4,
20170805103750,2017-08-05 10:37:50,2017-08-05 12:00:00,ev_C,C,17,
20170805103800,2017-08-05 10:38:00,2017-08-05 12:00:00,ev_K,K,4,
20170805103810,2017-08-05 10:38:10,2017-08-05 12:00:00,ev_C,C,14,
20170805103820,2017-08-05 10:38:20,2017-08-05 12:00:00,ev_C,C,18,
20170805103830,2017-08-05 10:38:30,2017-08-05 12:00:00,ev_K,K,5,
20170805103840,2017-08-05 10:38:40,2017-08-05 12:00:00,ev_C,C,20,
20170805103850,2017-08-05 10:38:50,2017-08-05 12:00:00,ev_C,C,20,
20170805103900,2017-08-05 10:39:00,2017-08-05 12:00:00,ev_K,K,1,
20170805103910,2017-08-05 10:39:10,2017-08-05 12:00:00,ev_C,C,14,
20170805103920,2017-08-05 10:39:20,2017-08-05 12:00:00,ev_C,C,12,
20170805103930,2017-08-05 10:39:30,2017-08-05 12:00:00,ev_C,C,1,
20170805103940,2017-08-05 10:39:40,2017-08-05 12:00:00,ev_C,C,14,
20170805103950,2017-08-05 10:39:50,2017-08-05 12:00:00,ev_N,K,5,
20170805104000,2017-08-05 10:40:00,2017-08-05 12:00:00,ev_K,K,5,
20170805104010,2017-08-05 10:40:10,2017-08-05 12:00:00,ev_C,C,3,
20170805104020,2017-08-05 10:40:20,2017-08-05 12:00:00,ev_K,K,3,
20170805104030,2017-08-05 10:40:30,2017-08-05 12:00:00,ev_C,C,14,
20170805104040,2017-08-05 10:40:40,2017-08-05 12:00:00,ev_C,C,1,
20170805104050,2017-08-05 10:40:50,2017-08-05 12:00:00,ev_C,C,16,
20170805104100,2017-08-05 10:41:00,2017-08-05 12:00:00,ev_C,C,16,
20170805104110,2017-08-05 10:41:10,2017-08-05 12:00:00,ev_K,K,5,
20170805104120,2017-08-05 10:41:20,2017-08-05 12:00:00,ev_N,K,3,
20170805104130,2017-08-05 10:41:30,2017-08-05 12:00:00,ev_C,C,16,
20170805104140,2017-08-05 10:41:40,2017-08-05 12:00:00,ev_K,K,4,
20170805104150,2017-08-05 10:41:50,2017-08-05 12:00:00,ev_C,C,20,
20170805104200,2017-08-05 10:42:00,2017-08-05 12:00:00,ev_K,K,4,
20170805104210,2017-08-05 10:42:10,2017-08-05 12:00:00,ev_C,C,11,
20170805104220,2017-08-05 10:42:20,2017-08-05 12:00:00,ev_C,C,3,
20170805104230,2017-08-05 10:42:30,2017-08-05 12:00:00,ev_K,K,5,
20170805104240,2017-08-05 10:42:40,2017-08-05 12:00:00,ev_K,K,2,
20170805104250,2017-08-05 10:42:50,2017-08-05 12:00:00,ev_C,C,6,
20170805104300,2017-08-05 10:43:00,2017-08-05 12:00:00,ev_N,K,5,
20170805104310,2017-08-05 10:43:10,2017-08-05 12:00:00,ev_C,C,15,
20170805104320,2017-08-05 10:43:20,2017-08-05 12:00:00,ev_C,C,1,
20170805104330,2017-08-05 10:43:30,2017-08-05 12:00:00,ev_N,K,1,
20170805104340,2017-08-05 10:43:40,2017-08-05 12:00:00,ev_N,K,4,
20170805104350,2017-08-05 10:43:50,2017-08-05 12:00:00,ev_C,C,5,
20170805104400,2017-08-05 10:44:00,2017-08-05 12:00:00,ev_C,C,1,
20170805104410,2017-08-05 10:44:10,2017-08-05 12:00:00,ev_C,C,11,
20170805104420,2017-08-05 10:44:20,2017-08-05 12:00:00,ev_C,C,19,
20170805104430,2017-08-05 10:44:30,2017-08-05 12:00:00,ev_C,C,17,
20170805104440,2017-08-05 10:44:40,2017-08-05 12:00:00,ev_C,C,20,
20170805104450,2017-08-05 10:44:50,2017-08-05 12:00:00,ev_K,K,5,
20170805104500,2017-08-05 10:45:00,2017-08-05 12:00:00,ev_C,C,13,
20170805104510,2017-08-05 10:45:10,2017-08-05 12:00:00,ev_C,C,16,
20170805104520,2017-08-05 10:45:20,2017-08-05 12:00:00,ev_C,C,9,
20170805104530,2017-08-05 10:45:30,2017-08-05 12:00:00,ev_C,C,12,
20170805104540,2017-08-05 10:45:40,2017-08-05 12:00:00,ev_K,K,1,
20170805104550,2017-08-05 10:45:50,2017-08-05 12:00:00,ev_K,K,2,
20170805104600,2017-08-05 10:46:00,2017-08-05 12:00:00,ev_C,C,13,
20170805104610,2017-08-05 10:46:10,2017-08-05 12:00:00,ev_C,C,6,
20170805104620,2017-08-05 10:46:20,2017-08-05 12:00:00,ev_N,K,5,
20170805104630,2017-08-05 10:46:30,2017-08-05 12:00:00,ev_N,K,3,
20170805104640,2017-08-05 10:46:40,2017-08-05 12:00:00,ev_C,C,10,
20170805104650,2017-08-05 10:46:50,2017-08-05 12:00:00,ev_K,K,3,
20170805104700,2017-08-05 10:47:00,2017-08-05 12:00:00,ev_C,C,14,
20170805104710,2017-08-05 10:47:10,2017-08-05 12:00:00,ev_K,K,5,
20170805104720,2017-08-05 10:47:20,2017-08-05 12:00:00,ev_C,C,6,
20170805104730,2017-08-05 10:47:30,2017-08-05 12:00:00,ev_C,C,4,
20170805104740,2017-08-05 10:47:40,2017-08-05 12:00:00,ev_C,C,7,
20170805104750,2017-08-05 10:47:50,2017-08-05 12:00:00,ev_K,K,4,
20170805104800,2017-08-05 10:48:00,2017-08-05 12:00:00,ev_N,K,4,
20170805104810,2017-08-05 10:48:10,2017-08-05 12:00:00,ev_C,C,8,
20170805104820,2017-08-05 10:48:20,2017-08-05 12:00:00,ev_C,C,11,
20170805104830,2017-08-05 10:48:30,2017-08-05 12:00:00,ev_C,C,14,
20170805104840,2017-08-05 10:48:40,2017-08-05 12:00:00,ev_C,C,7,
20170805104850,2017-08-05 10:48:50,2017-08-05 12:00:00,ev_C,C,2,
20170805104900,2017-08-05 10:49:00,2017-08-05 12:00:00,ev_C,C,19,
20170805104910,2017-08-05 10:49:10,2017-08-05 12:00:00,ev_C,C,6,
20170805104920,2017-08-05 10:49:20,2017-08-05 12:00:00,ev_C,C,13,
20170805104930,2017-08-05 10:49:30,2017-08-05 12:00:00,ev_K,K,3,
20170805104940,2017-08-05 10:49:40,2017-08-05 12:00:00,ev_C,C,7,
20170805104950,2017-08-05 10:49:50,2017-08-05 12:00:00,ev_C,C,19,
20170805105000,2017-08-05 10:50:00,2017-08-05 12:00:00,ev_C,C,3,
20170805105010,2017-08-05 10:50:10,2017-08-05 12:00:00,ev_K,K,3,
20170805105020,2017-08-05 10:50:20,2017-08-05 12:00:00,ev_C,C,11,
20170805105030,2017-08-05 10:50:30,2017-08-05 12:00:00,ev_C,C,5,
20170805105040,2017-08-05 10:50:40,2017-08-05 12:00:00,ev_C,C,14,
20170805105050,2017-08-05 10:50:50,2017-08-05 12:00:00,ev_K,K,3,
20170805105100,2017-08-05 10:51:00,2017-08-05 12:00:00,ev_C,C,11,
20170805105110,2017-08-05 10:51:10,2017-08-05 12:00:00,ev_K,K,5,
20170805105120,2017-08-05 10:51:20,2017-08-05 12:00:00,ev_C,C,13,
20170805105130,2017-08-05 10:51:30,2017-08-05 12:00:00,ev_C,C,11,
20170805105140,2017-08-05 10:51:40,2017-08-05 12:00:00,ev_K,K,4,
20170805105150,2017-08-05 10:51:50,2017-08-05 12:00:00,ev_C,C,6,
20170805105200,2017-08-05 10:52:00,2017-08-05 12:00:00,ev_C,C,5,
20170805105210,2017-08-05 10:52:10,2017-08-05 12:00:00,ev_C,C,13,
20170805105220,2017-08-05 10:52:20,2017-08-05 12:00:00,ev_C,C,1,
20170805105230,2017-08-05 10:52:30,2017-08-05 12:00:00,ev_N,K,1,
20170805105240,2017-08-05 10:52:40,2017-08-05 12:00:00,ev_C,C,16,
20170805105250,2017-08-05 10:52:50,2017-08-05 12:00:00,ev_C,C,4,
20170805105300,2017-08-05 10:53:00,2017-08-05 12:00:00,ev_C,C,6,
20170805105310,2017-08-05 10:53:10,2017-08-05 12:00:00,ev_C,C,16,
20170805105320,2017-08-05 10:53:20,2017-08-05 12:00:00,ev_C,C,6,
20170805105330,2017-08-05 10:53:30,2017-08-05 12:00:00,ev_N,K,3,
20170805105340,2017-08-05 10:53:40,2017-08-05 12:00:00,ev_C,C,6,
20170805105350,2017-08-05 10:53:50,2017-08-05 12:00:00,ev_C,C,4,
20170805105400,2017-08-05 10:54:00,2017-08-05 12:00:00,ev_K,K,4,
20170805105410,2017-08-05 10:54:10,2017-08-05 12:00:00,ev_N,K,3,
20170805105420,2017-08-05 10:54:20,2017-08-05 12:00:00,ev_C,C,8,
20170805105430,2017-08-05 10:54:30,2017-08-05 12:00:00,ev_C,C,1,
20170805105440,2017-08-05 10:54:40,2017-08-05 12:00:00,ev_C,C,15,
20170805105450,2017-08-05 10:54:50,2017-08-05 12:00:00,ev_C,C,6,
20170805105500,2017-08-05 10:55:00,2017-08-05 12:00:00,ev_N,K,3,
20170805105510,2017-08-05 10:55:10,2017-08-05 12:00:00,ev_K,K,1,
20170805105520,2017-08-05 10:55:20,2017-08-05 12:00:00,ev_C,C,14,
20170805105530,2017-08-05 10:55:30,2017-08-05 12:00:00,ev_C,C,15,
20170805105540,2017-08-05 10:55:40,2017-08-05 12:00:00,ev_C,C,5,
20170805105550,2017-08-05 10:55:50,2017-08-05 12:00:00,ev_C,C,3,
20170805105600,2017-08-05 10:56:00,2017-08-05 12:00:00,ev_C,C,4,
20170805105610,2017-08-05 10:56:10,2017-08-05 12:00:00,ev_N,K,5,
20170805105620,2017-08-05 10:56:20,2017-08-05 12:00:00,ev_C,C,8,
20170805105630,2017-08-05 10:56:30,2017-08-05 12:00:00,ev_C,C,2,
20170805105640,2017-08-05 10:56:40,2017-08-05 12:00:00,ev_C,C,2,
20170805105650,2017-08-05 10:56:50,2017-08-05 12:00:00,ev_K,K,4,
20170805105700,2017-08-05 10:57:00,2017-08-05 12:00:00,ev_K,K,1,
20170805105710,2017-08-05 10:57:10,2017-08-05 12:00:00,ev_K,K,1,
20170805105720,2017-08-05 10:57:20,2017-08-05 12:00:00,ev_C,C,13,
20170805105730,2017-08-05 10:57:30,2017-08-05 12:00:00,ev_C,C,16,
20170805105740,2017-08-05 10:57:40,2017-08-05 12:00:00,ev_C,C,4,
20170805105750,2017-08-05 10:57:50,2017-08-05 12:00:00,ev_C,C,8,
20170805105800,2017-08-05 10:58:00,2017-08-05 12:00:00,ev_C,C,3,
20170805105810,2017-08-05 10:58:10,2017-08-05 12:00:00,ev_C,C,2,
20170805105820,2017-08-05 10:58:20,2017-08-05 12:00:00,ev_C,C,14,
20170805105830,2017-08-05 10:58:30,2017-08-05 12:00:00,ev_C,C,16,
20170805105840,2017-08-05 10:58:40,2017-08-05 12:00:00,ev_C,C,5,
20170805105850,2017-08-05 10:58:50,2017-08-05 12:00:00,ev_C,C,20,
20170805105900,2017-08-05 10:59:00,2017-08-05 12:00:00,ev_C,C,13,
20170805105910,2017-08-05 10:59:10,2017-08-05 12:00:00,ev_C,C,8,
20170805105920,2017-08-05 10:59:20,2017-08-05 12:00:00,ev_C,C,8,
20170805105930,2017-08-05 10:59:30,2017-08-05 12:00:00,ev_C,C,17,
20170805105940,2017-08-05 10:59:40,2017-08-05 12:00:00,ev_K,K,1,
20170805105950,2017-08-05 10:59:50,2017-08-05 12:00:00,ev_K,K,3,
20170805110000,2017-08-05 11:00:00,2017-08-05 12:00:00,ev_C,C,12,
20170805110010,2017-08-05 11:00:10,2017-08-05 12:00:00,ev_C,C,6,
20170805110020,2017-08-05 11:00:20,2017-08-05 12:00:00,ev_N,K,2,
20170805110030,2017-08-05 11:00:30,2017-08-05 12:00:00,ev_C,C,12,
20170805110040,2017-08-05 11:00:40,2017-08-05 12:00:00,ev_K,K,4,
20170805110050,2017-08-05 11:00:50,2017-08-05 12:00:00,ev_K,K,4,
20170805110100,2017-08-05 11:01:00,2017-08-05 12:00:00,ev_K,K,5,
20170805110110,2017-08-05 11:01:10,2017-08-05 12:00:00,ev_C,C,20,
20170805110120,2017-08-05 11:01:20,2017-08-05 12:00:00,ev_N,K,5,
20170805110130,2017-08-05 11:01:30,2017-08-05 12:00:00,ev_C,C,8,
20170805110140,2017-08-05 11:01:40,2017-08-05 12:00:00,ev_N,K,4,
20170805110150,2017-08-05 11:01:50,2017-08-05 12:00:00,ev_C,C,19,
20170805110200,2017-08-05 11:02:00,2017-08-05 12:00:00,ev_K,K,3,
20170805110210,2017-08-05 11:02:10,2017-08-05 12:00:00,ev_C,C,11,
20170805110220,2017-08-05 11:02:20,2017-08-05 12:00:00,ev_C,C,17,
20170805110230,2017-08-05 11:02:30,2017-08-05 12:00:00,ev_K,K,3,
20170805110240,2017-08-05 11:02:40,2017-08-05 12:00:00,ev_C,C,16,
20170805110250,2017-08-05 11:02:50,2017-08-05 12:00:00,ev_C,C,3,
20170805110300,2017-08-05 11:03:00,2017-08-05 12:00:00,ev_K,K,2,
20170805110310,2017-08-05 11:03:10,2017-08-05 12:00:00,ev_C,C,8,
20170805110320,2017-08-05 11:03:20,2017-08-05 12:00:00,ev_C,C,16,
20170805110330,2017-08-05 11:03:30,2017-08-05 12:00:00,ev_C,C,18,
20170805110340,2017-08-05 11:03:40,2017-08-05 12:00:00,ev_K,K,5,
20170805110350,2017-08-05 11:03:50,2017-08-05 12:00:00,ev_C,C,1,
20170805110400,2017-08-05 11:04:00,2017-08-05 12:00:00,ev_K,K,2,
20170805110410,2017-08-05 11:04:10,2017-08-05 12:00:00,ev_N,K,1,
20170805110420,2017-08-05 11:04:20,2017-08-05 12:00:00,ev_C,C,8,
20170805110430,2017-08-05 11:04:30,2017-08-05 12:00:00,ev_C,C,2,
20170805110440,2017-08-05 11:04:40,2017-08-05 12:00:00,ev_C,C,2,
20170805110450,2017-08-05 11:04:50,2017-08-05 12:00:00,ev_C,C,3,
20170805110500,2017-08-05 11:05:00,2017-08-05 12:00:00,ev_K,K,4,
20170805110510,2017-08-05 11:05:10,2017-08-05 12:00:00,ev_K,K,1,
20170805110520,2017-08-05 11:05:20,2017-08-05 12:00:00,ev_C,C,13,
20170805110530,2017-08-05 11:05:30,2017-08-05 12:00:00,ev_C,C,17,
20170805110540,2017-08-05 11:05:40,2017-08-05 12:00:00,ev_K,K,4,
20170805110550,2017-08-05 11:05:50,2017-08-05 12:00:00,ev_C,C,6,
20170805110600,2017-08-05 11:06:00,2017-08-05 12:00:00,ev_C,C,18,
20170805110610,2017-08-05 11:06:10,2017-08-05 12:00:00,ev_C,C,17,
20170805110620,2017-08-05 11:06:20,2017-08-05 12:00:00,ev_C,C,9,
20170805110630,2017-08-05 11:06:30,2017-08-05 12:00:00,ev_C,C,1,
20170805110640,2017-08-05 11:06:40,2017-08-05 12:00:00,ev_C,C,16,
20170805110650,2017-08-05 11:06:50,2017-08-05 12:00:00,ev_C,C,19,
20170805110700,2017-08-05 11:07:00,2017-08-05 12:00:00,ev_C,C,3,
20170805110710,2017-08-05 11:07:10,2017-08-05 12:00:00,ev_K,K,5,
20170805110720,2017-08-05 11:07:20,2017-08-05 12:00:00,ev_C,C,4,
20170805110730,2017-08-05 11:07:30,2017-08-05 12:00:00,ev_C,C,5,
20170805110740,2017-08-05 11:07:40,2017-08-05 12:00:00,ev_C,C,11,
20170805110750,2017-08-05 11:07:50,2017-08-05 12:00:00,ev_K,K,3,
20170805110800,2017-08-05 11:08:00,2017-08-05 12:00:00,ev_C,C,14,
20170805110810,2017-08-05 11:08:10,2017-08-05 12:00:00,ev_C,C,4,
20170805110820,2017-08-05 11:08:20,2017-08-05 12:00:00,ev_K,K,1,
20170805110830,2017-08-05 11:08:30,2017-08-05 12:00:00,ev_C,C,10,
20170805110840,2017-08-05 11:08:40,2017-08-05 12:00:00,ev_K,K,4,
20170805110850,2017-08-05 11:08:50,2017-08-05 12:00:00,ev_C,C,15,
20170805110900,2017-08-05 11:09:00,2017-08-05 12:00:00,ev_K,K,1,
20170805110910,2017-08-05 11:09:10,2017-08-05 12:00:00,ev_C,C,10,
20170805110920,2017-08-05 11:09:20,2017-08-05 12:00:00,ev_C,C,2,
20170805110930,2017-08-05 11:09:30,2017-08-05 12:00:00,ev_C,C,9,
20170805110940,2017-08-05 11:09:40,2017-08-05 12:00:00,ev_C,C,4,
20170805110950,2017-08-05 11:09:50,2017-08-05 12:00:00,ev_C,C,18,
20170805111000,2017-08-05 11:10:00,2017-08-05 12:00:00,ev_K,K,1,
20170805111010,2017-08-05 11:10:10,2017-08-05 12:00:00,ev_C,C,6,
20170805111020,2017-08-05 11:10:20,2017-08-05 12:00:00,ev_C,C,17,
20170805111030,2017-08-05 11:10:30,2017-08-05 12:00:00,ev_C,C,15,
20170805111040,2017-08-05 11:10:40,2017-08-05 12:00:00,ev_C,C,3,
20170805111050,2017-08-05 11:10:50,2017-08-05 12:00:00,ev_C,C,8,
20170805111100,2017-08-05 11:11:00,2017-08-05 12:00:00,ev_K,K,2,
20170805111110,2017-08-05 11:11:10,2017-08-05 12:00:00,ev_K,K,1,
20170805111120,2017-08-05 11:11:20,2017-08-05 12:00:00,ev_C,C,2,
20170805111130,2017-08-05 11:11:30,2017-08-05 12:00:00,ev_K,K,2,
20170805111140,2017-08-05 11:11:40,2017-08-05 12:00:00,ev_C,C,18,
20170805111150,2017-08-05 11:11:50,2017-08-05 12:00:00,ev_C,C,17,
20170805111200,2017-08-05 11:12:00,2017-08-05 12:00:00,ev_C,C,12,
20170805111210,2017-08-05 11:12:10,2017-08-05 12:00:00,ev_C,C,20,
20170805111220,2017-08-05 11:12:20,2017-08-05 12:00:00,ev_C,C,17,
20170805111230,2017-08-05 11:12:30,2017-08-05 12:00:00,ev_C,C,17,
20170805111240,2017-08-05 11:12:40,2017-08-05 12:00:00,ev_C,C,15,
20170805111250,2017-08-05 11:12:50,2017-08-05 12:00:00,ev_C,C,8,
20170805111300,2017-08-05 11:13:00,2017-08-05 12:00:00,ev_K,K,3,
20170805111310,2017-08-05 11:13:10,2017-08-05 12:00:00,ev_N,K,1,
20170805111320,2017-08-05 11:13:20,2017-08-05 12:00:00,ev_K,K,1,
20170805111330,2017-08-05 11:13:30,2017-08-05 12:00:00,ev_K,K,5,
20170805111340,2017-08-05 11:13:40,2017-08-05 12:00:00,ev_C,C,7,
20170805111350,2017-08-05 11:13:50,2017-08-05 12:00:00,ev_N,K,3,
20170805111400,2017-08-05 11:14:00,2017-08-05 12:00:00,ev_C,C,13,
20170805111410,2017-08-05 11:14:10,2017-08-05 12:00:00,ev_C,C,19,
20170805111420,2017-08-05 11:14:20,2017-08-05 12:00:00,ev_C,C,10,
20170805111430,2017-08-05 11:14:30,2017-08-05 12:00:00,ev_C,C,11,
20170805111440,2017-08-05 11:14:40,2017-08-05 12:00:00,ev_C,C,18,
20170805111450,2017-08-05 11:14:50,2017-08-05 12:00:00,ev_N,K,2,
20170805111500,2017-08-05 11:15:00,2017-08-05 12:00:00,ev_C,C,12,
20170805111510,2017-08-05 11:15:10,2017-08-05 12:00:00,ev_C,C,9,
20170805111520,2017-08-05 11:15:20,2017-08-05 12:00:00,ev_K,K,5,
20170805111530,2017-08-05 11:15:30,2017-08-05 12:00:00,ev_C,C,2,
20170805111540,2017-08-05 11:15:40,2017-08-05 12:00:00,ev_C,C,12,
20170805111550,2017-08-05 11:15:50,2017-08-05 12:00:00,ev_C,C,7,
20170805111600,2017-08-05 11:16:00,2017-08-05 12:00:00,ev_C,C,12,
20170805111610,2017-08-05 11:16:10,2017-08-05 12:00:00,ev_C,C,19,
20170805111620,2017-08-05 11:16:20,2017-08-05 12:00:00,ev_C,C,1,
20170805111630,2017-08-05 11:16:30,2017-08-05 12:00:00,ev_C,C,1,
20170805111640,2017-08-05 11:16:40,2017-08-05 12:00:00,ev_N,K,4,
20170805111650,2017-08-05 11:16:50,2017-08-05 12:00:00,ev_C,C,18,
20170805111700,2017-08-05 11:17:00,2017-08-05 12:00:00,ev_C,C,8,
20170805111710,2017-08-05 11:17:10,2017-08-05 12:00:00,ev_C,C,19,
20170805111720,2017-08-05 11:17:20,2017-08-05 12:00:00,ev_K,K,3,
20170805111730,2017-08-05 11:17:30,2017-08-05 12:00:00,ev_C,C,7,
20170805111740,2017-08-05 11:17:40,2017-08-05 12:00:00,ev_C,C,1,
20170805111750,2017-08-05 11:17:50,2017-08-05 12:00:00,ev_C,C,15,
20170805111800,2017-08-05 11:18:00,2017-08-05 12:00:00,ev_C,C,15,
20170805111810,2017-08-05 11:18:10,2017-08-05 12:00:00,ev_C,C,14,
20170805111820,2017-08-05 11:18:20,2017-08-05 12:00:00,ev_K,K,2,
20170805111830,2017-08-05 11:18:30,2017-08-05 12:00:00,ev_N,K,1,
20170805111840,2017-08-05 11:18:40,2017-08-05 12:00:00,ev_C,C,6,
20170805111850,2017-08-05 11:18:50,2017-08-05 12:00:00,ev_K,K,3,
20170805111900,2017-08-05 11:19:00,2017-08-05 12:00:00,ev_N,K,5,
20170805111910,2017-08-05 11:19:10,2017-08-05 12:00:00,ev_K,K,2,
20170805111920,2017-08-05 11:19:20,2017-08-05 12:00:00,ev_K,K,1,
20170805111930,2017-08-05 11:19:30,2017-08-05 12:00:00,ev_C,C,3,
20170805111940,2017-08-05 11:19:40,2017-08-05 12:00:00,ev_K,K,1,
20170805111950,2017-08-05 11:19:50,2017-08-05 12:00:00,ev_N,K,1,
20170805112000,2017-08-05 11:20:00,2017-08-05 12:00:00,ev_C,C,8,
20170805112010,2017-08-05 11:20:10,2017-08-05 12:00:00,ev_C,C,15,
20170805112020,2017-08-05 11:20:20,2017-08-05 12:00:00,ev_N,K,4,
20170805112030,2017-08-05 11:20:30,2017-08-05 12:00:00,ev_C,C,4,
20170805112040,2017-08-05 11:20:40,2017-08-05 12:00:00,ev_C,C,14,
20170805112050,2017-08-05 11:20:50,2017-08-05 12:00:00,ev_C,C,8,
20170805112100,2017-08-05 11:21:00,2017-08-05 12:00:00,ev_C,C,14,
20170805112110,2017-08-05 11:21:10,2017-08-05 12:00:00,ev_K,K,1,
20170805112120,2017-08-05 11:21:20,2017-08-05 12:00:00,ev_C,C,7,
20170805112130,2017-08-05 11:21:30,2017-08-05 12:00:00,ev_C,C,17,
20170805112140,2017-08-05 11:21:40,2017-08-05 12:00:00,ev_K,K,1,
20170805112150,2017-08-05 11:21:50,2017-08-05 12:00:00,ev_C,C,17,
20170805112200,2017-08-05 11:22:00,2017-08-05 12:00:00,ev_C,C,8,
20170805112210,2017-08-05 11:22:10,2017-08-05 12:00:00,ev_N,K,3,
20170805112220,2017-08-05 11:22:20,2017-08-05 12:00:00,ev_K,K,5,
20170805112230,2017-08-05 11:22:30,2017-08-05 12:00:00,ev_K,K,3,
20170805112240,2017-08-05 11:22:40,2017-08-05 12:00:00,ev_C,C,6,
20170805112250,2017-08-05 11:22:50,2017-08-05 12:00:00,ev_C,C,11,
20170805112300,2017-08-05 11:23:00,2017-08-05 12:00:00,ev_C,C,4,
20170805112310,2017-08-05 11:23:10,2017-08-05 12:00:00,ev_N,K,4,
20170805112320,2017-08-05 11:23:20,2017-08-05 12:00:00,ev_N,K,4,
20170805112330,2017-08-05 11:23:30,2017-08-05 12:00:00,ev_C,C,4,
20170805112340,2017-08-05 11:23:40,2017-08-05 12:00:00,ev_C,C,18,
20170805112350,2017-08-05 11:23:50,2017-08-05 12:00:00,ev_K,K,2,
20170805112400,2017-08-05 11:24:00,2017-08-05 12:00:00,ev_K,K,2,
20170805112410,2017-08-05 11:24:10,2017-08-05 12:00:00,ev_C,C,19,
20170805112420,2017-08-05 11:24:20,2017-08-05 12:00:00,ev_C,C,12,
20170805112430,2017-08-05 11:24:30,2017-08-05 12:00:00,ev_C,C,4,
20170805112440,2017-08-05 11:24:40,2017-08-05 12:00:00,ev_K,K,4,
20170805112450,2017-08-05 11:24:50,2017-08-05 12:00:00,ev_K,K,2,
20170805112500,2017-08-05 11:25:00,2017-08-05 12:00:00,ev_C,C,1,
20170805112510,2017-08-05 11:25:10,2017-08-05 12:00:00,ev_C,C,2,
20170805112520,2017-08-05 11:25:20,2017-08-05 12:00:00,ev_K,K,5,
20170805112530,2017-08-05 11:25:30,2017-08-05 12:00:00,ev_C,C,1,
20170805112540,2017-08-05 11:25:40,2017-08-05 12:00:00,ev_C,C,9,
20170805112550,2017-08-05 11:25:50,2017-08-05 12:00:00,ev_C,C,20,
20170805112600,2017-08-05 11:26:00,2017-08-05 12:00:00,ev_C,C,6,
20170805112610,2017-08-05 11:26:10,2017-08-05 12:00:00,ev_C,C,16,
20170805112620,2017-08-05 11:26:20,2017-08-05 12:00:00,ev_C,C,15,
20170805112630,2017-08-05 11:26:30,2017-08-05 12:00:00,ev_C,C,1,
20170805112640,2017-08-05 11:26:40,2017-08-05 12:00:00,ev_C,C,13,
20170805112650,2017-08-05 11:26:50,2017-08-05 12:00:00,ev_C,C,20,
20170805112700,2017-08-05 11:27:00,2017-08-05 12:00:00,ev_K,K,1,
20170805112710,2017-08-05 11:27:10,2017-08-05 12:00:00,ev_C,C,3,
20170805112720,2017-08-05 11:27:20,2017-08-05 12:00:00,ev_C,C,1,
20170805112730,2017-08-05 11:27:30,2017-08-05 12:00:00,ev_C,C,12,
20170805112740,2017-08-05 11:27:40,2017-08-05 12:00:00,ev_K,K,3,
20170805112750,2017-08-05 11:27:50,2017-08-05 12:00:00,ev_C,C,1,
20170805112800,2017-08-05 11:28:00,2017-08-05 12:00:00,ev_C,C,1,
20170805112810,2017-08-05 11:28:10,2017-08-05 12:00:00,ev_C,C,6,
20170805112820,2017-08-05 11:28:20,2017-08-05 12:00:00,ev_C,C,15,
20170805112830,2017-08-05 11:28:30,2017-08-05 12:00:00,ev_K,K,4,
20170805112840,2017-08-05 11:28:40,2017-08-05 12:00:00,ev_C,C,20,
20170805112850,2017-08-05 11:28:50,2017-08-05 12:00:00,ev_C,C,2,
20170805112900,2017-08-05 11:29:00,2017-08-05 12:00:00,ev_C,C,4,
20170805112910,2017-08-05 11:29:10,2017-08-05 12:00:00,ev_C,C,11,
20170805112920,2017-08-05 11:29:20,2017-08-05 12:00:00,ev_C,C,4,
20170805112930,2017-08-05 11:29:30,2017-08-05 12:00:00,ev_C,C,17,
20170805112940,2017-08-05 11:29:40,2017-08-05 12:00:00,ev_C,C,19,
20170805112950,2017-08-05 11:29:50,2017-08-05 12:00:00,ev_C,C,20,
20170805113000,2017-08-05 11:30:00,2017-08-05 12:00:00,ev_C,C,20,
20170805113010,2017-08-05 11:30:10,2017-08-05 12:00:00,ev_C,C,20,
20170805113020,2017-08-05 11:30:20,2017-08-05 12:00:00,ev_C,C,11,
20170805113030,2017-08-05 11:30:30,2017-08-05 12:00:00,ev_C,C,1,
20170805113040,2017-08-05 11:30:40,2017-08-05 12:00:00,ev_C,C,15,
20170805113050,2017-08-05 11:30:50,2017-08-05 12:00:00,ev_C,C,13,
20170805113100,2017-08-05 11:31:00,2017-08-05 12:00:00,ev_C,C,19,
20170805113110,2017-08-05 11:31:10,2017-08-05 12:00:00,ev_C,C,11,
20170805113120,2017-08-05 11:31:20,2017-08-05 12:00:00,ev_C,C,4,
20170805113130,2017-08-05 11:31:30,2017-08-05 12:00:00,ev_N,K,4,
20170805113140,2017-08-05 11:31:40,2017-08-05 12:00:00,ev_C,C,9,
20170805113150,2017-08-05 11:31:50,2017-08-05 12:00:00,ev_C,C,1,
20170805113200,2017-08-05 11:32:00,2017-08-05 12:00:00,ev_K,K,1,
20170805113210,2017-08-05 11:32:10,2017-08-05 12:00:00,ev_C,C,7,
20170805113220,2017-08-05 11:32:20,2017-08-05 12:00:00,ev_C,C,8,
20170805113230,2017-08-05 11:32:30,2017-08-05 12:00:00,ev_C,C,20,
20170805113240,2017-08-05 11:32:40,2017-08-05 12:00:00,ev_C,C,1,
20170805113250,2017-08-05 11:32:50,2017-08-05 12:00:00,ev_N,K,4,
20170805113300,2017-08-05 11:33:00,2017-08-05 12:00:00,ev_C,C,19,
20170805113310,2017-08-05 11:33:10,2017-08-05 12:00:00,ev_C,C,16,
20170805113320,2017-08-05 11:33:20,2017-08-05 12:00:00,ev_C,C,3,
20170805113330,2017-08-05 11:33:30,2017-08-05 12:00:00,ev_N,K,3,
20170805113340,2017-08-05 11:33:40,2017-08-05 12:00:00,ev_K,K,5,
20170805113350,2017-08-05 11:33:50,2017-08-05 12:00:00,ev_N,K,2,
20170805113400,2017-08-05 11:34:00,2017-08-05 12:00:00,ev_K,K,5,
20170805113410,2017-08-05 11:34:10,2017-08-05 12:00:00,ev_C,C,1,
20170805113420,2017-08-05 11:34:20,2017-08-05 12:00:00,ev_C,C,8,
20170805113430,2017-08-05 11:34:30,2017-08-05 12:00:00,ev_C,C,3,
20170805113440,2017-08-05 11:34:40,2017-08-05 12:00:00,ev_C,C,10,
20170805113450,2017-08-05 11:34:50,2017-08-05 12:00:00,ev_K,K,4,
20170805113500,2017-08-05 11:35:00,2017-08-05 12:00:00,ev_C,C,2,
20170805113510,2017-08-05 11:35:10,2017-08-05 12:00:00,ev_N,K,2,
20170805113520,2017-08-05 11:35:20,2017-08-05 12:00:00,ev_K,K,4,
20170805113530,2017-08-05 11:35:30,2017-08-05 12:00:00,ev_C,C,15,
20170805113540,2017-08-05 11:35:40,2017-08-05 12:00:00,ev_C,C,12,
20170805113550,2017-08-05 11:35:50,2017-08-05 12:00:00,ev_K,K,1,
20170805113600,2017-08-05 11:36:00,2017-08-05 12:00:00,ev_C,C,10,
20170805113610,2017-08-05 11:36:10,2017-08-05 12:00:00,ev_C,C,20,
20170805113620,2017-08-05 11:36:20,2017-08-05 12:00:00,ev_C,C,14,
20170805113630,2017-08-05 11:36:30,2017-08-05 12:00:00,ev_C,C,17,
20170805113640,2017-08-05 11:36:40,2017-08-05 12:00:00,ev_C,C,3,
20170805113650,2017-08-05 11:36:50,2017-08-05 12:00:00,ev_K,K,3,
20170805113700,2017-08-05 11:37:00,2017-08-05 12:00:00,ev_C,C,2,
20170805113710,2017-08-05 11:37:10,2017-08-05 12:00:00,ev_C,C,1,
20170805113720,2017-08-05 11:37:20,2017-08-05 12:00:00,ev_C,C,4,
20170805113730,2017-08-05 11:37:30,2017-08-05 12:00:00,ev_C,C,1,
20170805113740,2017-08-05 11:37:40,2017-08-05 12:00:00,ev_C,C,20,
20170805113750,2017-08-05 11:37:50,2017-08-05 12:00:00,ev_K,K,4,
20170805113800,2017-08-05 11:38:00,2017-08-05 12:00:00,ev_K,K,1,
20170805113810,2017-08-05 11:38:10,2017-08-05 12:00:00,ev_C,C,5,
20170805113820,2017-08-05 11:38:20,2017-08-05 12:00:00,ev_K,K,4,
20170805113830,2017-08-05 11:38:30,2017-08-05 12:00:00,ev_C,C,12,
20170805113840,2017-08-05 11:38:40,2017-08-05 12:00:00,ev_K,K,3,
20170805113850,2017-08-05 11:38:50,2017-08-05 12:00:00,ev_C,C,14,
20170805113900,2017-08-05 11:39:00,2017-08-05 12:00:00,ev_C,C,6,
20170805113910,2017-08-05 11:39:10,2017-08-05 12:00:00,ev_C,C,18,
20170805113920,2017-08-05 11:39:20,2017-08-05 12:00:00,ev_K,K,1,
20170805113930,2017-08-05 11:39:30,2017-08-05 12:00:00,ev_N,K,4,
20170805113940,2017-08-05 11:39:40,2017-08-05 12:00:00,ev_C,C,12,
20170805113950,2017-08-05 11:39:50,2017-08-05 12:00:00,ev_C,C,6,
20170805114000,2017-08-05 11:40:00,2017-08-05 12:00:00,ev_K,K,2,
20170805114010,2017-08-05 11:40:10,2017-08-05 12:00:00,ev_C,C,11,
20170805114020,2017-08-05 11:40:20,2017-08-05 12:00:00,ev_C,C,5,
20170805114030,2017-08-05 11:40:30,2017-08-05 12:00:00,ev_C,C,1,
20170805114040,2017-08-05 11:40:40,2017-08-05 12:00:00,ev_C,C,20,
20170805114050,2017-08-05 11:40:50,2017-08-05 12:00:00,ev_C,C,11,
20170805114100,2017-08-05 11:41:00,2017-08-05 12:00:00,ev_C,C,5,
20170805114110,2017-08-05 11:41:10,2017-08-05 12:00:00,ev_C,C,10,
20170805114120,2017-08-05 11:41:20,2017-08-05 12:00:00,ev_C,C,10,
20170805114130,2017-08-05 11:41:30,2017-08-05 12:00:00,ev_K,K,3,
20170805114140,2017-08-05 11:41:40,2017-08-05 12:00:00,ev_N,K,2,
20170805114150,2017-08-05 11:41:50,2017-08-05 12:00:00,ev_C,C,18,
20170805114200,2017-08-05 11:42:00,2017-08-05 12:00:00,ev_C,C,2,
20170805114210,2017-08-05 11:42:10,2017-08-05 12:00:00,ev_C,C,5,
20170805114220,2017-08-05 11:42:20,2017-08-05 12:00:00,ev_K,K,3,
20170805114230,2017-08-05 11:42:30,2017-08-05 12:00:00,ev_C,C,8,
20170805114240,2017-08-05 11:42:40,2017-08-05 12:00:00,ev_C,C,6,
20170805114250,2017-08-05 11:42:50,2017-08-05 12:00:00,ev_K,K,3,
20170805114300,2017-08-05 11:43:00,2017-08-05 12:00:00,ev_C,C,1,
20170805114310,2017-08-05 11:43:10,2017-08-05 12:00:00,ev_C,C,6,
20170805114320,2017-08-05 11:43:20,2017-08-05 12:00:00,ev_K,K,5,
20170805114330,2017-08-05 11:43:30,2017-08-05 12:00:00,ev_C,C,15,
20170805114340,2017-08-05 11:43:40,2017-08-05 12:00:00,ev_C,C,3,
20170805114350,2017-08-05 11:43:50,2017-08-05 12:00:00,ev_C,C,9,
20170805114400,2017-08-05 11:44:00,2017-08-05 12:00:00,ev_N,K,5,
20170805114410,2017-08-05 11:44:10,2017-08-05 12:00:00,ev_C,C,17,
20170805114420,2017-08-05 11:44:20,2017-08-05 12:00:00,ev_C,C,10,
20170805114430,2017-08-05 11:44:30,2017-08-05 12:00:00,ev_C,C,15,
20170805114440,2017-08-05 11:44:40,2017-08-05 12:00:00,ev_C,C,2,
20170805114450,2017-08-05 11:44:50,2017-08-05 12:00:00,ev_N,K,4,
20170805114500,2017-08-05 11:45:00,2017-08-05 12:00:00,ev_C,C,14,
20170805114510,2017-08-05 11:45:10,2017-08-05 12:00:00,ev_K,K,5,
20170805114520,2017-08-05 11:45:20,2017-08-05 12:00:00,ev_C,C,4,
20170805114530,2017-08-05 11:45:30,2017-08-05 12:00:00,ev_K,K,2,
20170805114540,2017-08-05 11:45:40,2017-08-05 12:00:00,ev_C,C,15,
20170805114550,2017-08-05 11:45:50,2017-08-05 12:00:00,ev_K,K,3,
20170805114600,2017-08-05 11:46:00,2017-08-05 12:00:00,ev_C,C,7,
20170805114610,2017-08-05 11:46:10,2017-08-05 12:00:00,ev_C,C,15,
20170805114620,2017-08-05 11:46:20,2017-08-05 12:00:00,ev_K,K,2,
20170805114630,2017-08-05 11:46:30,2017-08-05 12:00:00,ev_C,C,1,
20170805114640,2017-08-05 11:46:40,2017-08-05 12:00:00,ev_C,C,16,
20170805114650,2017-08-05 11:46:50,2017-08-05 12:00:00,ev_K,K,5,
20170805114700,2017-08-05 11:47:00,2017-08-05 12:00:00,ev_C,C,6,
20170805114710,2017-08-05 11:47:10,2017-08-05 12:00:00,ev_C,C,20,
20170805114720,2017-08-05 11:47:20,2017-08-05 12:00:00,ev_C,C,5,
20170805114730,2017-08-05 11:47:30,2017-08-05 12:00:00,ev_C,C,15,
20170805114740,2017-08-05 11:47:40,2017-08-05 12:00:00,ev_C,C,14,
20170805114750,2017-08-05 11:47:50,2017-08-05 12:00:00,ev_C,C,6,
20170805114800,2017-08-05 11:48:00,2017-08-05 12:00:00,ev_K,K,2,
20170805114810,2017-08-05 11:48:10,2017-08-05 12:00:00,ev_C,C,15,
20170805114820,2017-08-05 11:48:20,2017-08-05 12:00:00,ev_C,C,19,
20170805114830,2017-08-05 11:48:30,2017-08-05 12:00:00,ev_C,C,2,
20170805114840,2017-08-05 11:48:40,2017-08-05 12:00:00,ev_C,C,18,
20170805114850,2017-08-05 11:48:50,2017-08-05 12:00:00,ev_C,C,2,
20170805114900,2017-08-05 11:49:00,2017-08-05 12:00:00,ev_C,C,11,
20170805114910,2017-08-05 11:49:10,2017-08-05 12:00:00,ev_C,C,5,
20170805114920,2017-08-05 11:49:20,2017-08-05 12:00:00,ev_C,C,17,
20170805114930,2017-08-05 11:49:30,2017-08-05 12:00:00,ev_C,C,3,
20170805114940,2017-08-05 11:49:40,2017-08-05 12:00:00,ev_C,C,2,
20170805114950,2017-08-05 11:49:50,2017-08-05 12:00:00,ev_C,C,9,
20170805115000,2017-08-05 11:50:00,2017-08-05 12:00:00,ev_C,C,20,
20170805115010,2017-08-05 11:50:10,2017-08-05 12:00:00,ev_K,K,3,
20170805115020,2017-08-05 11:50:20,2017-08-05 12:00:00,ev_K,K,2,
20170805115030,2017-08-05 11:50:30,2017-08-05 12:00:00,ev_K,K,3,
20170805115040,2017-08-05 11:50:40,2017-08-05 12:00:00,ev_C,C,9,
20170805115050,2017-08-05 11:50:50,2017-08-05 12:00:00,ev_C,C,17,
20170805115100,2017-08-05 11:51:00,2017-08-05 12:00:00,ev_C,C,3,
20170805115110,2017-08-05 11:51:10,2017-08-05 12:00:00,ev_N,K,2,
20170805115120,2017-08-05 11:51:20,2017-08-05 12:00:00,ev_C,C,15,
20170805115130,2017-08-05 11:51:30,2017-08-05 12:00:00,ev_N,K,1,
20170805115140,2017-08-05 11:51:40,2017-08-05 12:00:00,ev_K,K,1,
20170805115150,2017-08-05 11:51:50,2017-08-05 12:00:00,ev_C,C,8,
20170805115200,2017-08-05 11:52:00,2017-08-05 12:00:00,ev_C,C,8,
20170805115210,2017-08-05 11:52:10,2017-08-05 12:00:00,ev_K,K,2,
20170805115220,2017-08-05 11:52:20,2017-08-05 12:00:00,ev_C,C,12,
20170805115230,2017-08-05 11:52:30,2017-08-05 12:00:00,ev_C,C,2,
20170805115240,2017-08-05 11:52:40,2017-08-05 12:00:00,ev_C,C,14,
20170805115250,2017-08-05 11:52:50,2017-08-05 12:00:00,ev_K,K,3,
20170805115300,2017-08-05 11:53:00,2017-08-05 12:00:00,ev_C,C,15,
20170805115310,2017-08-05 11:53:10,2017-08-05 12:00:00,ev_C,C,16,
20170805115320,2017-08-05 11:53:20,2017-08-05 12:00:00,ev_C,C,20,
20170805115330,2017-08-05 11:53:30,2017-08-05 12:00:00,ev_C,C,8,
20170805115340,2017-08-05 11:53:40,2017-08-05 12:00:00,ev_C,C,2,
20170805115350,2017-08-05 11:53:50,2017-08-05 12:00:00,ev_C,C,1,
20170805115400,2017-08-05 11:54:00,2017-08-05 12:00:00,ev_C,C,7,
20170805115410,2017-08-05 11:54:10,2017-08-05 12:00:00,ev_C,C,11,
20170805115420,2017-08-05 11:54:20,2017-08-05 12:00:00,ev_K,K,4,
20170805115430,2017-08-05 11:54:30,2017-08-05 12:00:00,ev_C,C,18,
20170805115440,2017-08-05 11:54:40,2017-08-05 12:00:00,ev_C,C,2,
20170805115450,2017-08-05 11:54:50,2017-08-05 12:00:00,ev_N,K,2,
20170805115500,2017-08-05 11:55:00,2017-08-05 12:00:00,ev_K,K,5,
20170805115510,2017-08-05 11:55:10,2017-08-05 12:00:00,ev_C,C,9,
20170805115520,2017-08-05 11:55:20,2017-08-05 12:00:00,ev_C,C,9,
20170805115530,2017-08-05 11:55:30,2017-08-05 12:00:00,ev_C,C,15,
20170805115540,2017-08-05 11:55:40,2017-08-05 12:00:00,ev_C,C,11,
20170805115550,2017-08-05 11:55:50,2017-08-05 12:00:00,ev_K,K,2,
20170805115600,2017-08-05 11:56:00,2017-08-05 12:00:00,ev_C,C,19,
20170805115610,2017-08-05 11:56:10,2017-08-05 12:00:00,ev_C,C,8,
20170805115620,2017-08-05 11:56:20,2017-08-05 12:00:00,ev_C,C,2,
20170805115630,2017-08-05 11:56:30,2017-08-05 12:00:00,ev_C,C,15,
20170805115640,2017-08-05 11:56:40,2017-08-05 12:00:00,ev_K,K,4,
20170805115650,2017-08-05 11:56:50,2017-08-05 12:00:00,ev_C,C,13,
20170805115700,2017-08-05 11:57:00,2017-08-05 12:00:00,ev_K,K,3,
20170805115710,2017-08-05 11:57:10,2017-08-05 12:00:00,ev_C,C,6,
20170805115720,2017-08-05 11:57:20,2017-08-05 12:00:00,ev_C,C,4,
20170805115730,2017-08-05 11:57:30,2017-08-05 12:00:00,ev_C,C,2,
20170805115740,2017-08-05 11:57:40,2017-08-05 12:00:00,ev_C,C,1,
20170805115750,2017-08-05 11:57:50,2017-08-05 12:00:00,ev_C,C,1,
20170805115800,2017-08-05 11:58:00,2017-08-05 12:00:00,ev_C,C,6,
20170805115810,2017-08-05 11:58:10,2017-08-05 12:00:00,ev_C,C,7,
20170805115820,2017-08-05 11:58:20,2017-08-05 12:00:00,ev_C,C,12,
20170805115830,2017-08-05 11:58:30,2017-08-05 12:00:00,ev_C,C,1,
20170805115840,2017-08-05 11:58:40,2017-08-05 12:00:00,ev_C,C,6,
20170805115850,2017-08-05 11:58:50,2017-08-05 12:00:00,ev_C,C,14,
20170805115900,2017-08-05 11:59:00,2017-08-05 12:00:00,ev_C,C,1,
20170805115910,2017-08-05 11:59:10,2017-08-05 12:00:00,ev_C,C,18,
20170805115920,2017-08-05 11:59:20,2017-08-05 12:00:00,ev_K,K,3,
20170805115930,2017-08-05 11:59:30,2017-08-05 12:00:00,ev_N,K,3,
20170805115940,2017-08-05 11:59:40,2017-08-05 12:00:00,ev_N,K,4,
20170805115950,2017-08-05 11:59:50,2017-08-05 12:00:00,ev_C,C,18,
20170805120000,2017-08-05 12:00:00,2017-08-05 23:59:59,ev_C,C,3,
20170805120010,2017-08-05 12:00:10,2017-08-05 23:59:59,ev_K,K,5,
20170805120020,2017-08-05 12:00:20,2017-08-05 23:59:59,ev_C,C,19,
20170805120030,2017-08-05 12:00:30,2017-08-05 23:59:59,ev_N,K,3,
20170805120040,2017-08-05 12:00:40,2017-08-05 23:59:59,ev_C,C,12,
20170805120050,2017-08-05 12:00:50,2017-08-05 23:59:59,ev_K,K,5,
20170805120100,2017-08-05 12:01:00,2017-08-05 23:59:59,ev_C,C,17,
20170805120110,2017-08-05 12:01:10,2017-08-05 23:59:59,ev_K,K,5,
20170805120120,2017-08-05 12:01:20,2017-08-05 23:59:59,ev_K,K,3,
20170805120130,2017-08-05 12:01:30,2017-08-05 23:59:59,ev_K,K,2,
20170805120140,2017-08-05 12:01:40,2017-08-05 23:59:59,ev_K,K,5,
20170805120150,2017-08-05 12:01:50,2017-08-05 23:59:59,ev_C,C,18,
20170805120200,2017-08-05 12:02:00,2017-08-05 23:59:59,ev_C,C,12,
20170805120210,2017-08-05 12:02:10,2017-08-05 23:59:59,ev_C,C,6,
20170805120220,2017-08-05 12:02:20,2017-08-05 23:59:59,ev_C,C,9,
20170805120230,2017-08-05 12:02:30,2017-08-05 23:59:59,ev_C,C,20,
20170805120240,2017-08-05 12:02:40,2017-08-05 23:59:59,ev_C,C,12,
20170805120250,2017-08-05 12:02:50,2017-08-05 23:59:59,ev_C,C,19,
20170805120300,2017-08-05 12:03:00,2017-08-05 23:59:59,ev_C,C,13,
20170805120310,2017-08-05 12:03:10,2017-08-05 23:59:59,ev_K,K,5,
20170805120320,2017-08-05 12:03:20,2017-08-05 23:59:59,ev_C,C,7,
20170805120330,2017-08-05 12:03:30,2017-08-05 23:59:59,ev_C,C,12,
20170805120340,2017-08-05 12:03:40,2017-08-05 23:59:59,ev_C,C,17,
20170805120350,2017-08-05 12:03:50,2017-08-05 23:59:59,ev_K,K,1,
20170805120400,2017-08-05 12:04:00,2017-08-05 23:59:59,ev_K,K,1,
20170805120410,2017-08-05 12:04:10,2017-08-05 23:59:59,ev_N,K,3,
20170805120420,2017-08-05 12:04:20,2017-08-05 23:59:59,ev_N,K,2,
20170805120430,2017-08-05 12:04:30,2017-08-05 23:59:59,ev_C,C,6,
20170805120440,2017-08-05 12:04:40,2017-08-05 23:59:59,ev_C,C,8,
20170805120450,2017-08-05 12:04:50,2017-08-05 23:59:59,ev_C,C,6,
20170805120500,2017-08-05 12:05:00,2017-08-05 23:59:59,ev_C,C,7,
20170805120510,2017-08-05 12:05:10,2017-08-05 23:59:59,ev_N,K,1,
20170805120520,2017-08-05 12:05:20,2017-08-05 23:59:59,ev_C,C,16,
20170805120530,2017-08-05 12:05:30,2017-08-05 23:59:59,ev_K,K,5,
20170805120540,2017-08-05 12:05:40,2017-08-05 23:59:59,ev_K,K,3,
20170805120550,2017-08-05 12:05:50,2017-08-05 23:59:59,ev_C,C,8,
20170805120600,2017-08-05 12:06:00,2017-08-05 23:59:59,ev_C,C,2,
20170805120610,2017-08-05 12:06:10,2017-08-05 23:59:59,ev_C,C,9,
20170805120620,2017-08-05 12:06:20,2017-08-05 23:59:59,ev_C,C,11,
20170805120630,2017-08-05 12:06:30,2017-08-05 23:59:59,ev_K,K,5,
20170805120640,2017-08-05 12:06:40,2017-08-05 23:59:59,ev_K,K,1,
20170805120650,2017-08-05 12:06:50,2017-08-05 23:59:59,ev_N,K,3,
20170805120700,2017-08-05 12:07:00,2017-08-05 23:59:59,ev_C,C,3,
20170805120710,2017-08-05 12:07:10,2017-08-05 23:59:59,ev_C,C,20,
20170805120720,2017-08-05 12:07:20,2017-08-05 23:59:59,ev_C,C,7,
20170805120730,2017-08-05 12:07:30,2017-08-05 23:59:59,ev_C,C,18,
20170805120740,2017-08-05 12:07:40,2017-08-05 23:59:59,ev_C,C,20,
20170805120750,2017-08-05 12:07:50,2017-08-05 23:59:59,ev_C,C,3,
20170805120800,2017-08-05 12:08:00,2017-08-05 23:59:59,ev_C,C,17,
20170805120810,2017-08-05 12:08:10,2017-08-05 23:59:59,ev_C,C,8,
20170805120820,2017-08-05 12:08:20,2017-08-05 23:59:59,ev_C,C,1,
20170805120830,2017-08-05 12:08:30,2017-08-05 23:59:59,ev_C,C,14,
20170805120840,2017-08-05 12:08:40,2017-08-05 23:59:59,ev_C,C,14,
20170805120850,2017-08-05 12:08:50,2017-08-05 23:59:59,ev_C,C,9,
20170805120900,2017-08-05 12:09:00,2017-08-05 23:59:59,ev_N,K,2,
20170805120910,2017-08-05 12:09:10,2017-08-05 23:59:59,ev_C,C,10,
20170805120920,2017-08-05 12:09:20,2017-08-05 23:59:59,ev_C,C,19,
20170805120930,2017-08-05 12:09:30,2017-08-05 23:59:59,ev_K,K,2,
20170805120940,2017-08-05 12:09:40,2017-08-05 23:59:59,ev_C,C,3,
20170805120950,2017-08-05 12:09:50,2017-08-05 23:59:59,ev_N,K,1,
20170805121000,2017-08-05 12:10:00,2017-08-05 23:59:59,ev_C,C,7,
20170805121010,2017-08-05 12:10:10,2017-08-05 23:59:59,ev_C,C,6,
20170805121020,2017-08-05 12:10:20,2017-08-05 23:59:59,ev_K,K,2,
20170805121030,2017-08-05 12:10:30,2017-08-05 23:59:59,ev_C,C,19,
20170805121040,2017-08-05 12:10:40,2017-08-05 23:59:59,ev_C,C,9,
20170805121050,2017-08-05 12:10:50,2017-08-05 23:59:59,ev_C,C,15,
20170805121100,2017-08-05 12:11:00,2017-08-05 23:59:59,ev_K,K,1,
20170805121110,2017-08-05 12:11:10,2017-08-05 23:59:59,ev_C,C,12,
20170805121120,2017-08-05 12:11:20,2017-08-05 23:59:59,ev_K,K,3,
20170805121130,2017-08-05 12:11:30,2017-08-05 23:59:59,ev_C,C,1,
20170805121140,2017-08-05 12:11:40,2017-08-05 23:59:59,ev_C,C,2,
20170805121150,2017-08-05 12:11:50,2017-08-05 23:59:59,ev_C,C,13,
20170805121200,2017-08-05 12:12:00,2017-08-05 23:59:59,ev_K,K,3,
20170805121210,2017-08-05 12:12:10,2017-08-05 23:59:59,ev_C,C,2,
20170805121220,2017-08-05 12:12:20,2017-08-05 23:59:59,ev_C,C,9,
20170805121230,2017-08-05 12:12:30,2017-08-05 23:59:59,ev_K,K,2,
20170805121240,2017-08-05 12:12:40,2017-08-05 23:59:59,ev_C,C,6,
20170805121250,2017-08-05 12:12:50,2017-08-05 23:59:59,ev_K,K,1,
20170805121300,2017-08-05 12:13:00,2017-08-05 23:59:59,ev_K,K,2,
20170805121310,2017-08-05 12:13:10,2017-08-05 23:59:59,ev_K,K,1,
20170805121320,2017-08-05 12:13:20,2017-08-05 23:59:59,ev_C,C,9,
20170805121330,2017-08-05 12:13:30,2017-08-05 23:59:59,ev_K,K,4,
20170805121340,2017-08-05 12:13:40,2017-08-05 23:59:59,ev_K,K,3,
20170805121350,2017-08-05 12:13:50,2017-08-05 23:59:59,ev_C,C,7,
20170805121400,2017-08-05 12:14:00,2017-08-05 23:59:59,ev_C,C,17,
20170805121410,2017-08-05 12:14:10,2017-08-05 23:59:59,ev_C,C,13,
20170805121420,2017-08-05 12:14:20,2017-08-05 23:59:59,ev_C,C,15,
20170805121430,2017-08-05 12:14:30,2017-08-05 23:59:59,ev_K,K,3,
20170805121440,2017-08-05 12:14:40,2017-08-05 23:59:59,ev_N,K,2,
20170805121450,2017-08-05 12:14:50,2017-08-05 23:59:59,ev_C,C,1,
20170805121500,2017-08-05 12:15:00,2017-08-05 23:59:59,ev_C,C,20,
20170805121510,2017-08-05 12:15:10,2017-08-05 23:59:59,ev_C,C,1,
20170805121520,2017-08-05 12:15:20,2017-08-05 23:59:59,ev_C,C,3,
20170805121530,2017-08-05 12:15:30,2017-08-05 23:59:59,ev_N,K,3,
20170805121540,2017-08-05 12:15:40,2017-08-05 23:59:59,ev_C,C,18,
20170805121550,2017-08-05 12:15:50,2017-08-05 23:59:59,ev_K,K,4,
20170805121600,2017-08-05 12:16:00,2017-08-05 23:59:59,ev_C,C,2,
20170805121610,2017-08-05 12:16:10,2017-08-05 23:59:59,ev_C,C,6,
20170805121620,2017-08-05 12:16:20,2017-08-05 23:59:59,ev_C,C,14,
20170805121630,2017-08-05 12:16:30,2017-08-05 23:59:59,ev_C,C,15,
20170805121640,2017-08-05 12:16:40,2017-08-05 23:59:59,ev_C,C,12,
20170805121650,2017-08-05 12:16:50,2017-08-05 23:59:59,ev_K,K,4,
20170805121700,2017-08-05 12:17:00,2017-08-05 23:59:59,ev_K,K,3,
20170805121710,2017-08-05 12:17:10,2017-08-05 23:59:59,ev_C,C,3,
20170805121720,2017-08-05 12:17:20,2017-08-05 23:59:59,ev_C,C,13,
20170805121730,2017-08-05 12:17:30,2017-08-05 23:59:59,ev_C,C,14,
20170805121740,2017-08-05 12:17:40,2017-08-05 23:59:59,ev_C,C,15,
20170805121750,2017-08-05 12:17:50,2017-08-05 23:59:59,ev_C,C,12,
20170805121800,2017-08-05 12:18:00,2017-08-05 23:59:59,ev_C,C,9,
20170805121810,2017-08-05 12:18:10,2017-08-05 23:59:59,ev_C,C,20,
20170805121820,2017-08-05 12:18:20,2017-08-05 23:59:59,ev_C,C,13,
20170805121830,2017-08-05 12:18:30,2017-08-05 23:59:59,ev_C,C,14,
20170805121840,2017-08-05 12:18:40,2017-08-05 23:59:59,ev_C,C,13,
20170805121850,2017-08-05 12:18:50,2017-08-05 23:59:59,ev_C,C,2,
20170805121900,2017-08-05 12:19:00,2017-08-05 23:59:59,ev_C,C,12,
20170805121910,2017-08-05 12:19:10,2017-08-05 23:59:59,ev_K,K,4,
20170805121920,2017-08-05 12:19:20,2017-08-05 23:59:59,ev_N,K,2,
20170805121930,2017-08-05 12:19:30,2017-08-05 23:59:59,ev_K,K,5,
20170805121940,2017-08-05 12:19:40,2017-08-05 23:59:59,ev_C,C,18,
20170805121950,2017-08-05 12:19:50,2017-08-05 23:59:59,ev_K,K,3,
20170805122000,2017-08-05 12:20:00,2017-08-05 23:59:59,ev_N,K,4,
20170805122010,2017-08-05 12:20:10,2017-08-05 23:59:59,ev_C,C,15,
20170805122020,2017-08-05 12:20:20,2017-08-05 23:59:59,ev_N,K,2,
20170805122030,2017-08-05 12:20:30,2017-08-05 23:59:59,ev_K,K,2,
20170805122040,2017-08-05 12:20:40,2017-08-05 23:59:59,ev_C,C,8,
20170805122050,2017-08-05 12:20:50,2017-08-05 23:59:59,ev_K,K,5,
20170805122100,2017-08-05 12:21:00,2017-08-05 23:59:59,ev_K,K,1,
20170805122110,2017-08-05 12:21:10,2017-08-05 23:59:59,ev_C,C,4,
20170805122120,2017-08-05 12:21:20,2017-08-05 23:59:59,ev_C,C,12,
20170805122130,2017-08-05 12:21:30,2017-08-05 23:59:59,ev_C,C,15,
20170805122140,2017-08-05 12:21:40,2017-08-05 23:59:59,ev_C,C,5,
20170805122150,2017-08-05 12:21:50,2017-08-05 23:59:59,ev_C,C,16,
20170805122200,2017-08-05 12:22:00,2017-08-05 23:59:59,ev_C,C,5,
20170805122210,2017-08-05 12:22:10,2017-08-05 23:59:59,ev_K,K,3,
20170805122220,2017-08-05 12:22:20,2017-08-05 23:59:59,ev_K,K,4,
20170805122230,2017-08-05 12:22:30,2017-08-05 23:59:59,ev_K,K,3,
20170805122240,2017-08-05 12:22:40,2017-08-05 23:59:59,ev_C,C,16,
20170805122250,2017-08-05 12:22:50,2017-08-05 23:59:59,ev_C,C,3,
20170805122300,2017-08-05 12:23:00,2017-08-05 23:59:59,ev_C,C,5,
20170805122310,2017-08-05 12:23:10,2017-08-05 23:59:59,ev_C,C,14,
20170805122320,2017-08-05 12:23:20,2017-08-05 23:59:59,ev_N,K,3,
20170805122330,2017-08-05 12:23:30,2017-08-05 23:59:59,ev_C,C,2,
20170805122340,2017-08-05 12:23:40,2017-08-05 23:59:59,ev_C,C,8,
20170805122350,2017-08-05 12:23:50,2017-08-05 23:59:59,ev_C,C,3,
20170805122400,2017-08-05 12:24:00,2017-08-05 23:59:59,ev_K,K,1,
20170805122410,2017-08-05 12:24:10,2017-08-05 23:59:59,ev_C,C,15,
20170805122420,2017-08-05 12:24:20,2017-08-05 23:59:59,ev_C,C,11,
20170805122430,2017-08-05 12:24:30,2017-08-05 23:59:59,ev_C,C,15,
20170805122440,2017-08-05 12:24:40,2017-08-05 23:59:59,ev_C,C,15,
20170805122450,2017-08-05 12:24:50,2017-08-05 23:59:59,ev_C,C,20,
20170805122500,2017-08-05 12:25:00,2017-08-05 23:59:59,ev_C,C,15,
20170805122510,2017-08-05 12:25:10,2017-08-05 23:59:59,ev_C,C,10,
20170805122520,2017-08-05 12:25:20,2017-08-05 23:59:59,ev_K,K,3,
20170805122530,2017-08-05 12:25:30,2017-08-05 23:59:59,ev_C,C,13,
20170805122540,2017-08-05 12:25:40,2017-08-05 23:59:59,ev_N,K,3,
20170805122550,2017-08-05 12:25:50,2017-08-05 23:59:59,ev_C,C,14,
20170805122600,2017-08-05 12:26:00,2017-08-05 23:59:59,ev_C,C,5,
20170805122610,2017-08-05 12:26:10,2017-08-05 23:59:59,ev_C,C,18,
20170805122620,2017-08-05 12:26:20,2017-08-05 23:59:59,ev_C,C,15,
20170805122630,2017-08-05 12:26:30,2017-08-05 23:59:59,ev_N,K,3,
20170805122640,2017-08-05 12:26:40,2017-08-05 23:59:59,ev_N,K,4,
20170805122650,2017-08-05 12:26:50,2017-08-05 23:59:59,ev_C,C,12,
20170805122700,2017-08-05 12:27:00,2017-08-05 23:59:59,ev_C,C,6,
20170805122710,2017-08-05 12:27:10,2017-08-05 23:59:59,ev_K,K,1,
20170805122720,2017-08-05 12:27:20,2017-08-05 23:59:59,ev_C,C,18,
20170805122730,2017-08-05 12:27:30,2017-08-05 23:59:59,ev_C,C,19,
20170805122740,2017-08-05 12:27:40,2017-08-05 23:59:59,ev_C,C,4,
20170805122750,2017-08-05 12:27:50,2017-08-05 23:59:59,ev_C,C,5,
20170805122800,2017-08-05 12:28:00,2017-08-05 23:59:59,ev_K,K,1,
20170805122810,2017-08-05 12:28:10,2017-08-05 23:59:59,ev_C,C,6,
20170805122820,2017-08-05 12:28:20,2017-08-05 23:59:59,ev_C,C,18,
20170805122830,2017-08-05 12:28:30,2017-08-05 23:59:59,ev_C,C,12,
20170805122840,2017-08-05 12:28:40,2017-08-05 23:59:59,ev_C,C,10,
20170805122850,2017-08-05 12:28:50,2017-08-05 23:59:59,ev_K,K,5,
20170805122900,2017-08-05 12:29:00,2017-08-05 23:59:59,ev_C,C,5,
20170805122910,2017-08-05 12:29:10,2017-08-05 23:59:59,ev_C,C,5,
20170805122920,2017-08-05 12:29:20,2017-08-05 23:59:59,ev_C,C,14,
20170805122930,2017-08-05 12:29:30,2017-08-05 23:59:59,ev_C,C,2,
20170805122940,2017-08-05 12:29:40,2017-08-05 23:59:59,ev_N,K,5,
20170805122950,2017-08-05 12:29:50,2017-08-05 23:59:59,ev_K,K,2,
20170805123000,2017-08-05 12:30:00,2017-08-05 23:59:59,ev_C,C,8,
20170805123010,2017-08-05 12:30:10,2017-08-05 23:59:59,ev_C,C,18,
20170805123020,2017-08-05 12:30:20,2017-08-05 23:59:59,ev_C,C,8,
20170805123030,2017-08-05 12:30:30,2017-08-05 23:59:59,ev_N,K,1,
20170805123040,2017-08-05 12:30:40,2017-08-05 23:59:59,ev_C,C,9,
20170805123050,2017-08-05 12:30:50,2017-08-05 23:59:59,ev_N,K,5,
20170805123100,2017-08-05 12:31:00,2017-08-05 23:59:59,ev_K,K,5,
20170805123110,2017-08-05 12:31:10,2017-08-05 23:59:59,ev_C,C,3,
20170805123120,2017-08-05 12:31:20,2017-08-05 23:59:59,ev_C,C,3,
20170805123130,2017-08-05 12:31:30,2017-08-05 23:59:59,ev_N,K,2,
20170805123140,2017-08-05 12:31:40,2017-08-05 23:59:59,ev_C,C,19,
20170805123150,2017-08-05 12:31:50,2017-08-05 23:59:59,ev_C,C,20,
20170805123200,2017-08-05 12:32:00,2017-08-05 23:59:59,ev_C,C,16,
20170805123210,2017-08-05 12:32:10,2017-08-05 23:59:59,ev_C,C,20,
20170805123220,2017-08-05 12:32:20,2017-08-05 23:59:59,ev_C,C,17,
20170805123230,2017-08-05 12:32:30,2017-08-05 23:59:59,ev_C,C,6,
20170805123240,2017-08-05 12:32:40,2017-08-05 23:59:59,ev_C,C,17,
20170805123250,2017-08-05 12:32:50,2017-08-05 23:59:59,ev_C,C,19,
20170805123300,2017-08-05 12:33:00,2017-08-05 23:59:59,ev_C,C,19,
20170805123310,2017-08-05 12:33:10,2017-08-05 23:59:59,ev_K,K,4,
20170805123320,2017-08-05 12:33:20,2017-08-05 23:59:59,ev_C,C,6,
20170805123330,2017-08-05 12:33:30,2017-08-05 23:59:59,ev_K,K,2,
20170805123340,2017-08-05 12:33:40,2017-08-05 23:59:59,ev_C,C,6,
20170805123350,2017-08-05 12:33:50,2017-08-05 23:59:59,ev_C,C,6,
20170805123400,2017-08-05 12:34:00,2017-08-05 23:59:59,ev_K,K,2,
20170805123410,2017-08-05 12:34:10,2017-08-05 23:59:59,ev_C,C,13,
20170805123420,2017-08-05 12:34:20,2017-08-05 23:59:59,ev_C,C,5,
20170805123430,2017-08-05 12:34:30,2017-08-05 23:59:59,ev_C,C,15,
20170805123440,2017-08-05 12:34:40,2017-08-05 23:59:59,ev_C,C,10,
20170805123450,2017-08-05 12:34:50,2017-08-05 23:59:59,ev_C,C,16,
20170805123500,2017-08-05 12:35:00,2017-08-05 23:59:59,ev_C,C,12,
20170805123510,2017-08-05 12:35:10,2017-08-05 23:59:59,ev_C,C,12,
20170805123520,2017-08-05 12:35:20,2017-08-05 23:59:59,ev_C,C,9,
20170805123530,2017-08-05 12:35:30,2017-08-05 23:59:59,ev_C,C,8,
20170805123540,2017-08-05 12:35:40,2017-08-05 23:59:59,ev_C,C,15,
20170805123550,2017-08-05 12:35:50,2017-08-05 23:59:59,ev_C,C,6,
20170805123600,2017-08-05 12:36:00,2017-08-05 23:59:59,ev_C,C,17,
20170805123610,2017-08-05 12:36:10,2017-08-05 23:59:59,ev_C,C,16,
20170805123620,2017-08-05 12:36:20,2017-08-05 23:59:59,ev_K,K,4,
20170805123630,2017-08-05 12:36:30,2017-08-05 23:59:59,ev_N,K,2,
20170805123640,2017-08-05 12:36:40,2017-08-05 23:59:59,ev_C,C,2,
20170805123650,2017-08-05 12:36:50,2017-08-05 23:59:59,ev_C,C,8,
20170805123700,2017-08-05 12:37:00,2017-08-05 23:59:59,ev_C,C,18,
20170805123710,2017-08-05 12:37:10,2017-08-05 23:59:59,ev_C,C,19,
20170805123720,2017-08-05 12:37:20,2017-08-05 23:59:59,ev_C,C,16,
20170805123730,2017-08-05 12:37:30,2017-08-05 23:59:59,ev_K,K,5,
20170805123740,2017-08-05 12:37:40,2017-08-05 23:59:59,ev_N,K,5,
20170805123750,2017-08-05 12:37:50,2017-08-05 23:59:59,ev_C,C,1,
20170805123800,2017-08-05 12:38:00,2017-08-05 23:59:59,ev_C,C,19,
20170805123810,2017-08-05 12:38:10,2017-08-05 23:59:59,ev_C,C,2,
20170805123820,2017-08-05 12:38:20,2017-08-05 23:59:59,ev_C,C,9,
20170805123830,2017-08-05 12:38:30,2017-08-05 23:59:59,ev_C,C,12,
20170805123840,2017-08-05 12:38:40,2017-08-05 23:59:59,ev_C,C,8,
20170805123850,2017-08-05 12:38:50,2017-08-05 23:59:59,ev_K,K,2,
20170805123900,2017-08-05 12:39:00,2017-08-05 23:59:59,ev_C,C,2,
20170805123910,2017-08-05 12:39:10,2017-08-05 23:59:59,ev_C,C,1,
20170805123920,2017-08-05 12:39:20,2017-08-05 23:59:59,ev_K,K,1,
20170805123930,2017-08-05 12:39:30,2017-08-05 23:59:59,ev_C,C,13,
20170805123940,2017-08-05 12:39:40,2017-08-05 23:59:59,ev_C,C,4,
20170805123950,2017-08-05 12:39:50,2017-08-05 23:59:59,ev_C,C,4,
20170805124000,2017-08-05 12:40:00,2017-08-05 23:59:59,ev_C,C,3,
20170805124010,2017-08-05 12:40:10,2017-08-05 23:59:59,ev_C,C,11,
20170805124020,2017-08-05 12:40:20,2017-08-05 23:59:59,ev_C,C,6,
20170805124030,2017-08-05 12:40:30,2017-08-05 23:59:59,ev_C,C,8,
20170805124040,2017-08-05 12:40:40,2017-08-05 23:59:59,ev_C,C,5,
20170805124050,2017-08-05 12:40:50,2017-08-05 23:59:59,ev_C,C,14,
20170805124100,2017-08-05 12:41:00,2017-08-05 23:59:59,ev_K,K,3,
20170805124110,2017-08-05 12:41:10,2017-08-05 23:59:59,ev_C,C,1,
20170805124120,2017-08-05 12:41:20,2017-08-05 23:59:59,ev_N,K,2,
20170805124130,2017-08-05 12:41:30,2017-08-05 23:59:59,ev_K,K,4,
20170805124140,2017-08-05 12:41:40,2017-08-05 23:59:59,ev_C,C,7,
20170805124150,2017-08-05 12:41:50,2017-08-05 23:59:59,ev_K,K,1,
20170805124200,2017-08-05 12:42:00,2017-08-05 23:59:59,ev_K,K,5,
20170805124210,2017-08-05 12:42:10,2017-08-05 23:59:59,ev_C,C,16,
20170805124220,2017-08-05 12:42:20,2017-08-05 23:59:59,ev_C,C,8,
20170805124230,2017-08-05 12:42:30,2017-08-05 23:59:59,ev_C,C,7,
20170805124240,2017-08-05 12:42:40,2017-08-05 23:59:59,ev_N,K,4,
20170805124250,2017-08-05 12:42:50,2017-08-05 23:59:59,ev_C,C,2,
20170805124300,2017-08-05 12:43:00,2017-08-05 23:59:59,ev_C,C,2,
20170805124310,2017-08-05 12:43:10,2017-08-05 23:59:59,ev_C,C,3,
20170805124320,2017-08-05 12:43:20,2017-08-05 23:59:59,ev_C,C,17,
20170805124330,2017-08-05 12:43:30,2017-08-05 23:59:59,ev_C,C,4,
20170805124340,2017-08-05 12:43:40,2017-08-05 23:59:59,ev_C,C,9,
20170805124350,2017-08-05 12:43:50,2017-08-05 23:59:59,ev_C,C,17,
20170805124400,2017-08-05 12:44:00,2017-08-05 23:59:59,ev_K,K,2,
20170805124410,2017-08-05 12:44:10,2017-08-05 23:59:59,ev_C,C,18,
20170805124420,2017-08-05 12:44:20,2017-08-05 23:59:59,ev_C,C,2,
20170805124430,2017-08-05 12:44:30,2017-08-05 23:59:59,ev_N,K,4,
20170805124440,2017-08-05 12:44:40,2017-08-05 23:59:59,ev_C,C,12,
20170805124450,2017-08-05 12:44:50,2017-08-05 23:59:59,ev_C,C,6,
20170805124500,2017-08-05 12:45:00,2017-08-05 23:59:59,ev_C,C,12,
20170805124510,2017-08-05 12:45:10,2017-08-05 23:59:59,ev_C,C,16,
20170805124520,2017-08-05 12:45:20,2017-08-05 23:59:59,ev_C,C,19,
20170805124530,2017-08-05 12:45:30,2017-08-05 23:59:59,ev_C,C,18,
20170805124540,2017-08-05 12:45:40,2017-08-05 23:59:59,ev_C,C,7,
20170805124550,2017-08-05 12:45:50,2017-08-05 23:59:59,ev_C,C,17,
20170805124600,2017-08-05 12:46:00,2017-08-05 23:59:59,ev_C,C,2,
20170805124610,2017-08-05 12:46:10,2017-08-05 23:59:59,ev_C,C,10,
20170805124620,2017-08-05 12:46:20,2017-08-05 23:59:59,ev_C,C,7,
20170805124630,2017-08-05 12:46:30,2017-08-05 23:59:59,ev_C,C,5,
20170805124640,2017-08-05 12:46:40,2017-08-05 23:59:59,ev_C,C,13,
20170805124650,2017-08-05 12:46:50,2017-08-05 23:59:59,ev_C,C,5,
20170805124700,2017-08-05 12:47:00,2017-08-05 23:59:59,ev_K,K,5,
20170805124710,2017-08-05 12:47:10,2017-08-05 23:59:59,ev_C,C,11,
20170805124720,2017-08-05 12:47:20,2017-08-05 23:59:59,ev_K,K,1,
20170805124730,2017-08-05 12:47:30,2017-08-05 23:59:59,ev_K,K,2,
20170805124740,2017-08-05 12:47:40,2017-08-05 23:59:59,ev_C,C,17,
20170805124750,2017-08-05 12:47:50,2017-08-05 23:59:59,ev_C,C,4,
20170805124800,2017-08-05 12:48:00,2017-08-05 23:59:59,ev_C,C,13,
20170805124810,2017-08-05 12:48:10,2017-08-05 23:59:59,ev_C,C,12,
20170805124820,2017-08-05 12:48:20,2017-08-05 23:59:59,ev_C,C,16,
20170805124830,2017-08-05 12:48:30,2017-08-05 23:59:59,ev_C,C,14,
20170805124840,2017-08-05 12:48:40,2017-08-05 23:59:59,ev_C,C,7,
20170805124850,2017-08-05 12:48:50,2017-08-05 23:59:59,ev_K,K,3,
20170805124900,2017-08-05 12:49:00,2017-08-05 23:59:59,ev_C,C,5,
20170805124910,2017-08-05 12:49:10,2017-08-05 23:59:59,ev_C,C,18,
20170805124920,2017-08-05 12:49:20,2017-08-05 23:59:59,ev_C,C,18,
20170805124930,2017-08-05 12:49:30,2017-08-05 23:59:59,ev_C,C,2,
20170805124940,2017-08-05 12:49:40,2017-08-05 23:59:59,ev_K,K,5,
20170805124950,2017-08-05 12:49:50,2017-08-05 23:59:59,ev_C,C,2,
20170805125000,2017-08-05 12:50:00,2017-08-05 23:59:59,ev_N,K,5,
20170805125010,2017-08-05 12:50:10,2017-08-05 23:59:59,ev_C,C,10,
20170805125020,2017-08-05 12:50:20,2017-08-05 23:59:59,ev_N,K,1,
20170805125030,2017-08-05 12:50:30,2017-08-05 23:59:59,ev_C,C,12,
20170805125040,2017-08-05 12:50:40,2017-08-05 23:59:59,ev_C,C,19,
20170805125050,2017-08-05 12:50:50,2017-08-05 23:59:59,ev_C,C,11,
20170805125100,2017-08-05 12:51:00,2017-08-05 23:59:59,ev_C,C,19,
20170805125110,2017-08-05 12:51:10,2017-08-05 23:59:59,ev_C,C,18,
20170805125120,2017-08-05 12:51:20,2017-08-05 23:59:59,ev_C,C,17,
20170805125130,2017-08-05 12:51:30,2017-08-05 23:59:59,ev_C,C,2,
20170805125140,2017-08-05 12:51:40,2017-08-05 23:59:59,ev_C,C,20,
20170805125150,2017-08-05 12:51:50,2017-08-05 23:59:59,ev_C,C,1,
20170805125200,2017-08-05 12:52:00,2017-08-05 23:59:59,ev_C,C,13,
20170805125210,2017-08-05 12:52:10,2017-08-05 23:59:59,ev_C,C,17,
20170805125220,2017-08-05 12:52:20,2017-08-05 23:59:59,ev_C,C,10,
20170805125230,2017-08-05 12:52:30,2017-08-05 23:59:59,ev_K,K,1,
20170805125240,2017-08-05 12:52:40,2017-08-05 23:59:59,ev_C,C,20,
20170805125250,2017-08-05 12:52:50,2017-08-05 23:59:59,ev_K,K,1,
20170805125300,2017-08-05 12:53:00,2017-08-05 23:59:59,ev_C,C,14,
20170805125310,2017-08-05 12:53:10,2017-08-05 23:59:59,ev_C,C,5,
20170805125320,2017-08-05 12:53:20,2017-08-05 23:59:59,ev_C,C,2,
20170805125330,2017-08-05 12:53:30,2017-08-05 23:59:59,ev_C,C,8,
20170805125340,2017-08-05 12:53:40,2017-08-05 23:59:59,ev_C,C,20,
20170805125350,2017-08-05 12:53:50,2017-08-05 23:59:59,ev_C,C,14,
20170805125400,2017-08-05 12:54:00,2017-08-05 23:59:59,ev_K,K,4,
20170805125410,2017-08-05 12:54:10,2017-08-05 23:59:59,ev_C,C,8,
20170805125420,2017-08-05 12:54:20,2017-08-05 23:59:59,ev_C,C,15,
20170805125430,2017-08-05 12:54:30,2017-08-05 23:59:59,ev_C,C,11,
20170805125440,2017-08-05 12:54:40,2017-08-05 23:59:59,ev_C,C,7,
20170805125450,2017-08-05 12:54:50,2017-08-05 23:59:59,ev_C,C,3,
20170805125500,2017-08-05 12:55:00,2017-08-05 23:59:59,ev_C,C,17,
20170805125510,2017-08-05 12:55:10,2017-08-05 23:59:59,ev_C,C,16,
20170805125520,2017-08-05 12:55:20,2017-08-05 23:59:59,ev_C,C,15,
20170805125530,2017-08-05 12:55:30,2017-08-05 23:59:59,ev_C,C,5,
20170805125540,2017-08-05 12:55:40,2017-08-05 23:59:59,ev_C,C,11,
20170805125550,2017-08-05 12:55:50,2017-08-05 23:59:59,ev_K,K,3,
20170805125600,2017-08-05 12:56:00,2017-08-05 23:59:59,ev_C,C,13,
20170805125610,2017-08-05 12:56:10,2017-08-05 23:59:59,ev_C,C,9,
20170805125620,2017-08-05 12:56:20,2017-08-05 23:59:59,ev_K,K,1,
20170805125630,2017-08-05 12:56:30,2017-08-05 23:59:59,ev_K,K,5,
20170805125640,2017-08-05 12:56:40,2017-08-05 23:59:59,ev_C,C,16,
20170805125650,2017-08-05 12:56:50,2017-08-05 23:59:59,ev_K,K,3,
20170805125700,2017-08-05 12:57:00,2017-08-05 23:59:59,ev_C,C,20,
20170805125710,2017-08-05 12:57:10,2017-08-05 23:59:59,ev_K,K,5,
20170805125720,2017-08-05 12:57:20,2017-08-05 23:59:59,ev_K,K,5,
20170805125730,2017-08-05 12:57:30,2017-08-05 23:59:59,ev_C,C,15,
20170805125740,2017-08-05 12:57:40,2017-08-05 23:59:59,ev_N,K,2,
20170805125750,2017-08-05 12:57:50,2017-08-05 23:59:59,ev_C,C,19,
20170805125800,2017-08-05 12:58:00,2017-08-05 23:59:59,ev_N,K,3,
20170805125810,2017-08-05 12:58:10,2017-08-05 23:59:59,ev_N,K,4,
20170805125820,2017-08-05 12:58:20,2017-08-05 23:59:59,ev_C,C,5,
20170805125830,2017-08-05 12:58:30,2017-08-05 23:59:59,ev_C,C,7,
20170805125840,2017-08-05 12:58:40,2017-08-05 23:59:59,ev_K,K,4,
20170805125850,2017-08-05 12:58:50,2017-08-05 23:59:59,ev_C,C,15,
20170805125900,2017-08-05 12:59:00,2017-08-05 23:59:59,ev_K,K,2,
20170805125910,2017-08-05 12:59:10,2017-08-05 23:59:59,ev_K,K,5,
20170805125920,2017-08-05 12:59:20,2017-08-05 23:59:59,ev_K,K,2,
20170805125930,2017-08-05 12:59:30,2017-08-05 23:59:59,ev_C,C,17,
20170805125940,2017-08-05 12:59:40,2017-08-05 23:59:59,ev_C,C,3,
20170805125950,2017-08-05 12:59:50,2017-08-05 23:59:59,ev_N,K,1,
20170805130000,2017-08-05 13:00:00,2017-08-05 23:59:59,ev_K,K,5,
20170805130010,2017-08-05 13:00:10,2017-08-05 23:59:59,ev_C,C,18,
20170805130020,2017-08-05 13:00:20,2017-08-05 23:59:59,ev_K,K,5,
20170805130030,2017-08-05 13:00:30,2017-08-05 23:59:59,ev_K,K,5,
20170805130040,2017-08-05 13:00:40,2017-08-05 23:59:59,ev_C,C,3,
20170805130050,2017-08-05 13:00:50,2017-08-05 23:59:59,ev_C,C,10,
20170805130100,2017-08-05 13:01:00,2017-08-05 23:59:59,ev_C,C,2,
20170805130110,2017-08-05 13:01:10,2017-08-05 23:59:59,ev_K,K,3,
20170805130120,2017-08-05 13:01:20,2017-08-05 23:59:59,ev_C,C,8,
20170805130130,2017-08-05 13:01:30,2017-08-05 23:59:59,ev_C,C,12,
20170805130140,2017-08-05 13:01:40,2017-08-05 23:59:59,ev_C,C,4,
20170805130150,2017-08-05 13:01:50,2017-08-05 23:59:59,ev_C,C,14,
20170805130200,2017-08-05 13:02:00,2017-08-05 23:59:59,ev_C,C,5,
20170805130210,2017-08-05 13:02:10,2017-08-05 23:59:59,ev_K,K,4,
20170805130220,2017-08-05 13:02:20,2017-08-05 23:59:59,ev_K,K,1,
20170805130230,2017-08-05 13:02:30,2017-08-05 23:59:59,ev_C,C,7,
20170805130240,2017-08-05 13:02:40,2017-08-05 23:59:59,ev_C,C,6,
20170805130250,2017-08-05 13:02:50,2017-08-05 23:59:59,ev_K,K,2,
20170805130300,2017-08-05 13:03:00,2017-08-05 23:59:59,ev_K,K,4,
20170805130310,2017-08-05 13:03:10,2017-08-05 23:59:59,ev_K,K,4,
20170805130320,2017-08-05 13:03:20,2017-08-05 23:59:59,ev_K,K,4,
20170805130330,2017-08-05 13:03:30,2017-08-05 23:59:59,ev_C,C,15,
20170805130340,2017-08-05 13:03:40,2017-08-05 23:59:59,ev_C,C,17,
20170805130350,2017-08-05 13:03:50,2017-08-05 23:59:59,ev_C,C,13,
20170805130400,2017-08-05 13:04:00,2017-08-05 23:59:59,ev_C,C,12,
20170805130410,2017-08-05 13:04:10,2017-08-05 23:59:59,ev_C,C,6,
20170805130420,2017-08-05 13:04:20,2017-08-05 23:59:59,ev_C,C,1,
20170805130430,2017-08-05 13:04:30,2017-08-05 23:59:59,ev_K,K,5,
20170805130440,2017-08-05 13:04:40,2017-08-05 23:59:59,ev_K,K,5,
20170805130450,2017-08-05 13:04:50,2017-08-05 23:59:59,ev_K,K,4,
20170805130500,2017-08-05 13:05:00,2017-08-05 23:59:59,ev_C,C,6,
20170805130510,2017-08-05 13:05:10,2017-08-05 23:59:59,ev_K,K,2,
20170805130520,2017-08-05 13:05:20,2017-08-05 23:59:59,ev_K,K,4,
20170805130530,2017-08-05 13:05:30,2017-08-05 23:59:59,ev_N,K,5,
20170805130540,2017-08-05 13:05:40,2017-08-05 23:59:59,ev_C,C,12,
20170805130550,2017-08-05 13:05:50,2017-08-05 23:59:59,ev_C,C,16,
20170805130600,2017-08-05 13:06:00,2017-08-05 23:59:59,ev_C,C,19,
20170805130610,2017-08-05 13:06:10,2017-08-05 23:59:59,ev_C,C,17,
20170805130620,2017-08-05 13:06:20,2017-08-05 23:59:59,ev_C,C,20,
20170805130630,2017-08-05 13:06:30,2017-08-05 23:59:59,ev_C,C,4,
20170805130640,2017-08-05 13:06:40,2017-08-05 23:59:59,ev_C,C,3,
20170805130650,2017-08-05 13:06:50,2017-08-05 23:59:59,ev_C,C,18,
20170805130700,2017-08-05 13:07:00,2017-08-05 23:59:59,ev_C,C,17,
20170805130710,2017-08-05 13:07:10,2017-08-05 23:59:59,ev_N,K,2,
20170805130720,2017-08-05 13:07:20,2017-08-05 23:59:59,ev_C,C,4,
20170805130730,2017-08-05 13:07:30,2017-08-05 23:59:59,ev_C,C,12,
20170805130740,2017-08-05 13:07:40,2017-08-05 23:59:59,ev_C,C,14,
20170805130750,2017-08-05 13:07:50,2017-08-05 23:59:59,ev_C,C,10,
20170805130800,2017-08-05 13:08:00,2017-08-05 23:59:59,ev_C,C,12,
20170805130810,2017-08-05 13:08:10,2017-08-05 23:59:59,ev_K,K,5,
20170805130820,2017-08-05 13:08:20,2017-08-05 23:59:59,ev_C,C,1,
20170805130830,2017-08-05 13:08:30,2017-08-05 23:59:59,ev_N,K,1,
20170805130840,2017-08-05 13:08:40,2017-08-05 23:59:59,ev_C,C,9,
20170805130850,2017-08-05 13:08:50,2017-08-05 23:59:59,ev_K,K,1,
20170805130900,2017-08-05 13:09:00,2017-08-05 23:59:59,ev_C,C,4,
20170805130910,2017-08-05 13:09:10,2017-08-05 23:59:59,ev_C,C,13,
20170805130920,2017-08-05 13:09:20,2017-08-05 23:59:59,ev_C,C,6,
20170805130930,2017-08-05 13:09:30,2017-08-05 23:59:59,ev_K,K,5,
20170805130940,2017-08-05 13:09:40,2017-08-05 23:59:59,ev_C,C,7,
20170805130950,2017-08-05 13:09:50,2017-08-05 23:59:59,ev_N,K,4,
20170805131000,2017-08-05 13:10:00,2017-08-05 23:59:59,ev_C,C,14,
20170805131010,2017-08-05 13:10:10,2017-08-05 23:59:59,ev_C,C,8,
20170805131020,2017-08-05 13:10:20,2017-08-05 23:59:59,ev_C,C,2,
20170805131030,2017-08-05 13:10:30,2017-08-05 23:59:59,ev_K,K,5,
20170805131040,2017-08-05 13:10:40,2017-08-05 23:59:59,ev_N,K,5,
20170805131050,2017-08-05 13:10:50,2017-08-05 23:59:59,ev_C,C,17,
20170805131100,2017-08-05 13:11:00,2017-08-05 23:59:59,ev_C,C,12,
20170805131110,2017-08-05 13:11:10,2017-08-05 23:59:59,ev_C,C,16,
20170805131120,2017-08-05 13:11:20,2017-08-05 23:59:59,ev_C,C,13,
20170805131130,2017-08-05 13:11:30,2017-08-05 23:59:59,ev_N,K,3,
20170805131140,2017-08-05 13:11:40,2017-08-05 23:59:59,ev_K,K,3,
20170805131150,2017-08-05 13:11:50,2017-08-05 23:59:59,ev_C,C,13,
20170805131200,2017-08-05 13:12:00,2017-08-05 23:59:59,ev_C,C,9,
20170805131210,2017-08-05 13:12:10,2017-08-05 23:59:59,ev_C,C,18,
20170805131220,2017-08-05 13:12:20,2017-08-05 23:59:59,ev_K,K,5,
20170805131230,2017-08-05 13:12:30,2017-08-05 23:59:59,ev_K,K,2,
20170805131240,2017-08-05 13:12:40,2017-08-05 23:59:59,ev_C,C,4,
20170805131250,2017-08-05 13:12:50,2017-08-05 23:59:59,ev_C,C,20,
20170805131300,2017-08-05 13:13:00,2017-08-05 23:59:59,ev_C,C,15,
20170805131310,2017-08-05 13:13:10,2017-08-05 23:59:59,ev_C,C,4,
20170805131320,2017-08-05 13:13:20,2017-08-05 23:59:59,ev_C,C,2,
20170805131330,2017-08-05 13:13:30,2017-08-05 23:59:59,ev_C,C,12,
20170805131340,2017-08-05 13:13:40,2017-08-05 23:59:59,ev_N,K,2,
20170805131350,2017-08-05 13:13:50,2017-08-05 23:59:59,ev_N,K,1,
20170805131400,2017-08-05 13:14:00,2017-08-05 23:59:59,ev_K,K,1,
20170805131410,2017-08-05 13:14:10,2017-08-05 23:59:59,ev_C,C,9,
20170805131420,2017-08-05 13:14:20,2017-08-05 23:59:59,ev_K,K,2,
20170805131430,2017-08-05 13:14:30,2017-08-05 23:59:59,ev_C,C,4,
20170805131440,2017-08-05 13:14:40,2017-08-05 23:59:59,ev_C,C,4,
20170805131450,2017-08-05 13:14:50,2017-08-05 23:59:59,ev_C,C,2,
20170805131500,2017-08-05 13:15:00,2017-08-05 23:59:59,ev_N,K,2,
20170805131510,2017-08-05 13:15:10,2017-08-05 23:59:59,ev_C,C,2,
20170805131520,2017-08-05 13:15:20,2017-08-05 23:59:59,ev_C,C,7,
20170805131530,2017-08-05 13:15:30,2017-08-05 23:59:59,ev_K,K,4,
20170805131540,2017-08-05 13:15:40,2017-08-05 23:59:59,ev_K,K,1,
20170805131550,2017-08-05 13:15:50,2017-08-05 23:59:59,ev_K,K,5,
20170805131600,2017-08-05 13:16:00,2017-08-05 23:59:59,ev_C,C,16,
20170805131610,2017-08-05 13:16:10,2017-08-05 23:59:59,ev_C,C,2,
20170805131620,2017-08-05 13:16:20,2017-08-05 23:59:59,ev_C,C,10,
20170805131630,2017-08-05 13:16:30,2017-08-05 23:59:59,ev_N,K,1,
20170805131640,2017-08-05 13:16:40,2017-08-05 23:59:59,ev_C,C,14,
20170805131650,2017-08-05 13:16:50,2017-08-05 23:59:59,ev_C,C,18,
20170805131700,2017-08-05 13:17:00,2017-08-05 23:59:59,ev_K,K,1,
20170805131710,2017-08-05 13:17:10,2017-08-05 23:59:59,ev_C,C,1,
20170805131720,2017-08-05 13:17:20,2017-08-05 23:59:59,ev_C,C,1,
20170805131730,2017-08-05 13:17:30,2017-08-05 23:59:59,ev_C,C,2,
20170805131740,2017-08-05 13:17:40,2017-08-05 23:59:59,ev_C,C,2,
20170805131750,2017-08-05 13:17:50,2017-08-05 23:59:59,ev_C,C,17,
20170805131800,2017-08-05 13:18:00,2017-08-05 23:59:59,ev_K,K,3,
20170805131810,2017-08-05 13:18:10,2017-08-05 23:59:59,ev_K,K,5,
20170805131820,2017-08-05 13:18:20,2017-08-05 23:59:59,ev_K,K,4,
20170805131830,2017-08-05 13:18:30,2017-08-05 23:59:59,ev_C,C,14,
20170805131840,2017-08-05 13:18:40,2017-08-05 23:59:59,ev_C,C,14,
20170805131850,2017-08-05 13:18:50,2017-08-05 23:59:59,ev_C,C,13,
20170805131900,2017-08-05 13:19:00,2017-08-05 23:59:59,ev_C,C,16,
20170805131910,2017-08-05 13:19:10,2017-08-05 23:59:59,ev_C,C,2,
20170805131920,2017-08-05 13:19:20,2017-08-05 23:59:59,ev_C,C,8,
20170805131930,2017-08-05 13:19:30,2017-08-05 23:59:59,ev_C,C,15,
20170805131940,2017-08-05 13:19:40,2017-08-05 23:59:59,ev_C,C,7,
20170805131950,2017-08-05 13:19:50,2017-08-05 23:59:59,ev_C,C,17,
20170805132000,2017-08-05 13:20:00,2017-08-05 23:59:59,ev_C,C,20,
20170805132010,2017-08-05 13:20:10,2017-08-05 23:59:59,ev_C,C,18,
20170805132020,2017-08-05 13:20:20,2017-08-05 23:59:59,ev_C,C,16,
20170805132030,2017-08-05 13:20:30,2017-08-05 23:59:59,ev_C,C,6,
20170805132040,2017-08-05 13:20:40,2017-08-05 23:59:59,ev_C,C,18,
20170805132050,2017-08-05 13:20:50,2017-08-05 23:59:59,ev_C,C,16,
20170805132100,2017-08-05 13:21:00,2017-08-05 23:59:59,ev_C,C,14,
20170805132110,2017-08-05 13:21:10,2017-08-05 23:59:59,ev_N,K,4,
20170805132120,2017-08-05 13:21:20,2017-08-05 23:59:59,ev_C,C,15,
20170805132130,2017-08-05 13:21:30,2017-08-05 23:59:59,ev_C,C,19,
20170805132140,2017-08-05 13:21:40,2017-08-05 23:59:59,ev_K,K,2,
20170805132150,2017-08-05 13:21:50,2017-08-05 23:59:59,ev_C,C,10,
20170805132200,2017-08-05 13:22:00,2017-08-05 23:59:59,ev_K,K,1,
20170805132210,2017-08-05 13:22:10,2017-08-05 23:59:59,ev_C,C,4,
20170805132220,2017-08-05 13:22:20,2017-08-05 23:59:59,ev_K,K,5,
20170805132230,2017-08-05 13:22:30,2017-08-05 23:59:59,ev_C,C,2,
20170805132240,2017-08-05 13:22:40,2017-08-05 23:59:59,ev_K,K,3,
20170805132250,2017-08-05 13:22:50,2017-08-05 23:59:59,ev_C,C,14,
20170805132300,2017-08-05 13:23:00,2017-08-05 23:59:59,ev_K,K,1,
20170805132310,2017-08-05 13:23:10,2017-08-05 23:59:59,ev_K,K,2,
20170805132320,2017-08-05 13:23:20,2017-08-05 23:59:59,ev_K,K,5,
20170805132330,2017-08-05 13:23:30,2017-08-05 23:59:59,ev_C,C,5,
20170805132340,2017-08-05 13:23:40,2017-08-05 23:59:59,ev_N,K,3,
20170805132350,2017-08-05 13:23:50,2017-08-05 23:59:59,ev_K,K,5,
20170805132400,2017-08-05 13:24:00,2017-08-05 23:59:59,ev_N,K,5,
20170805132410,2017-08-05 13:24:10,2017-08-05 23:59:59,ev_K,K,5,
20170805132420,2017-08-05 13:24:20,2017-08-05 23:59:59,ev_C,C,18,
20170805132430,2017-08-05 13:24:30,2017-08-05 23:59:59,ev_K,K,2,
20170805132440,2017-08-05 13:24:40,2017-08-05 23:59:59,ev_C,C,14,
20170805132450,2017-08-05 13:24:50,2017-08-05 23:59:59,ev_C,C,2,
20170805132500,2017-08-05 13:25:00,2017-08-05 23:59:59,ev_C,C,1,
20170805132510,2017-08-05 13:25:10,2017-08-05 23:59:59,ev_K,K,1,
20170805132520,2017-08-05 13:25:20,2017-08-05 23:59:59,ev_C,C,17,
20170805132530,2017-08-05 13:25:30,2017-08-05 23:59:59,ev_C,C,14,
20170805132540,2017-08-05 13:25:40,2017-08-05 23:59:59,ev_K,K,4,
20170805132550,2017-08-05 13:25:50,2017-08-05 23:59:59,ev_C,C,4,
20170805132600,2017-08-05 13:26:00,2017-08-05 23:59:59,ev_C,C,13,
20170805132610,2017-08-05 13:26:10,2017-08-05 23:59:59,ev_C,C,2,
20170805132620,2017-08-05 13:26:20,2017-08-05 23:59:59,ev_C,C,4,
20170805132630,2017-08-05 13:26:30,2017-08-05 23:59:59,ev_C,C,12,
20170805132640,2017-08-05 13:26:40,2017-08-05 23:59:59,ev_K,K,1,
20170805132650,2017-08-05 13:26:50,2017-08-05 23:59:59,ev_N,K,5,
20170805132700,2017-08-05 13:27:00,2017-08-05 23:59:59,ev_C,C,10,
20170805132710,2017-08-05 13:27:10,2017-08-05 23:59:59,ev_N,K,2,
20170805132720,2017-08-05 13:27:20,2017-08-05 23:59:59,ev_C,C,11,
20170805132730,2017-08-05 13:27:30,2017-08-05 23:59:59,ev_C,C,4,
20170805132740,2017-08-05 13:27:40,2017-08-05 23:59:59,ev_C,C,12,
20170805132750,2017-08-05 13:27:50,2017-08-05 23:59:59,ev_K,K,2,
20170805132800,2017-08-05 13:28:00,2017-08-05 23:59:59,ev_K,K,4,
20170805132810,2017-08-05 13:28:10,2017-08-05 23:59:59,ev_C,C,17,
20170805132820,2017-08-05 13:28:20,2017-08-05 23:59:59,ev_C,C,6,
20170805132830,2017-08-05 13:28:30,2017-08-05 23:59:59,ev_N,K,2,
20170805132840,2017-08-05 13:28:40,2017-08-05 23:59:59,ev_C,C,12,
20170805132850,2017-08-05 13:28:50,2017-08-05 23:59:59,ev_N,K,5,
20170805132900,2017-08-05 13:29:00,2017-08-05 23:59:59,ev_K,K,4,
20170805132910,2017-08-05 13:29:10,2017-08-05 23:59:59,ev_C,C,20,
20170805132920,2017-08-05 13:29:20,2017-08-05 23:59:59,ev_C,C,6,
20170805132930,2017-08-05 13:29:30,2017-08-05 23:59:59,ev_C,C,17,
20170805132940,2017-08-05 13:29:40,2017-08-05 23:59:59,ev_C,C,17,
20170805132950,2017-08-05 13:29:50,2017-08-05 23:59:59,ev_K,K,1,
20170805133000,2017-08-05 13:30:00,2017-08-05 23:59:59,ev_C,C,1,
20170805133010,2017-08-05 13:30:10,2017-08-05 23:59:59,ev_C,C,17,
20170805133020,2017-08-05 13:30:20,2017-08-05 23:59:59,ev_K,K,4,
20170805133030,2017-08-05 13:30:30,2017-08-05 23:59:59,ev_K,K,2,
20170805133040,2017-08-05 13:30:40,2017-08-05 23:59:59,ev_C,C,16,
20170805133050,2017-08-05 13:30:50,2017-08-05 23:59:59,ev_C,C,18,
20170805133100,2017-08-05 13:31:00,2017-08-05 23:59:59,ev_K,K,2,
20170805133110,2017-08-05 13:31:10,2017-08-05 23:59:59,ev_C,C,2,
20170805133120,2017-08-05 13:31:20,2017-08-05 23:59:59,ev_C,C,15,
20170805133130,2017-08-05 13:31:30,2017-08-05 23:59:59,ev_K,K,4,
20170805133140,2017-08-05 13:31:40,2017-08-05 23:59:59,ev_C,C,16,
20170805133150,2017-08-05 13:31:50,2017-08-05 23:59:59,ev_K,K,5,
20170805133200,2017-08-05 13:32:00,2017-08-05 23:59:59,ev_C,C,16,
20170805133210,2017-08-05 13:32:10,2017-08-05 23:59:59,ev_C,C,9,
20170805133220,2017-08-05 13:32:20,2017-08-05 23:59:59,ev_C,C,2,
20170805133230,2017-08-05 13:32:30,2017-08-05 23:59:59,ev_N,K,4,
20170805133240,2017-08-05 13:32:40,2017-08-05 23:59:59,ev_C,C,5,
20170805133250,2017-08-05 13:32:50,2017-08-05 23:59:59,ev_C,C,8,
20170805133300,2017-08-05 13:33:00,2017-08-05 23:59:59,ev_N,K,5,
20170805133310,2017-08-05 13:33:10,2017-08-05 23:59:59,ev_N,K,1,
20170805133320,2017-08-05 13:33:20,2017-08-05 23:59:59,ev_C,C,16,
20170805133330,2017-08-05 13:33:30,2017-08-05 23:59:59,ev_C,C,17,
20170805133340,2017-08-05 13:33:40,2017-08-05 23:59:59,ev_C,C,14,
20170805133350,2017-08-05 13:33:50,2017-08-05 23:59:59,ev_K,K,3,
20170805133400,2017-08-05 13:34:00,2017-08-05 23:59:59,ev_C,C,17,
20170805133410,2017-08-05 13:34:10,2017-08-05 23:59:59,ev_K,K,1,
20170805133420,2017-08-05 13:34:20,2017-08-05 23:59:59,ev_C,C,20,
20170805133430,2017-08-05 13:34:30,2017-08-05 23:59:59,ev_C,C,13,
20170805133440,2017-08-05 13:34:40,2017-08-05 23:59:59,ev_C,C,4,
20170805133450,2017-08-05 13:34:50,2017-08-05 23:59:59,ev_K,K,4,
20170805133500,2017-08-05 13:35:00,2017-08-05 23:59:59,ev_C,C,4,
20170805133510,2017-08-05 13:35:10,2017-08-05 23:59:59,ev_C,C,9,
20170805133520,2017-08-05 13:35:20,2017-08-05 23:59:59,ev_C,C,16,
20170805133530,2017-08-05 13:35:30,2017-08-05 23:59:59,ev_C,C,5,
20170805133540,2017-08-05 13:35:40,2017-08-05 23:59:59,ev_C,C,1,
20170805133550,2017-08-05 13:35:50,2017-08-05 23:59:59,ev_C,C,8,
20170805133600,2017-08-05 13:36:00,2017-08-05 23:59:59,ev_C,C,19,
20170805133610,2017-08-05 13:36:10,2017-08-05 23:59:59,ev_C,C,2,
20170805133620,2017-08-05 13:36:20,2017-08-05 23:59:59,ev_C,C,15,
20170805133630,2017-08-05 13:36:30,2017-08-05 23:59:59,ev_N,K,3,
20170805133640,2017-08-05 13:36:40,2017-08-05 23:59:59,ev_C,C,15,
20170805133650,2017-08-05 13:36:50,2017-08-05 23:59:59,ev_C,C,17,
20170805133700,2017-08-05 13:37:00,2017-08-05 23:59:59,ev_C,C,9,
20170805133710,2017-08-05 13:37:10,2017-08-05 23:59:59,ev_C,C,14,
20170805133720,2017-08-05 13:37:20,2017-08-05 23:59:59,ev_C,C,12,
20170805133730,2017-08-05 13:37:30,2017-08-05 23:59:59,ev_C,C,14,
20170805133740,2017-08-05 13:37:40,2017-08-05 23:59:59,ev_C,C,5,
20170805133750,2017-08-05 13:37:50,2017-08-05 23:59:59,ev_C,C,11,
20170805133800,2017-08-05 13:38:00,2017-08-05 23:59:59,ev_C,C,17,
20170805133810,2017-08-05 13:38:10,2017-08-05 23:59:59,ev_C,C,1,
20170805133820,2017-08-05 13:38:20,2017-08-05 23:59:59,ev_N,K,4,
20170805133830,2017-08-05 13:38:30,2017-08-05 23:59:59,ev_K,K,5,
20170805133840,2017-08-05 13:38:40,2017-08-05 23:59:59,ev_K,K,3,
20170805133850,2017-08-05 13:38:50,2017-08-05 23:59:59,ev_K,K,3,
20170805133900,2017-08-05 13:39:00,2017-08-05 23:59:59,ev_C,C,16,
20170805133910,2017-08-05 13:39:10,2017-08-05 23:59:59,ev_C,C,10,
20170805133920,2017-08-05 13:39:20,2017-08-05 23:59:59,ev_C,C,18,
20170805133930,2017-08-05 13:39:30,2017-08-05 23:59:59,ev_C,C,2,
20170805133940,2017-08-05 13:39:40,2017-08-05 23:59:59,ev_K,K,1,
20170805133950,2017-08-05 13:39:50,2017-08-05 23:59:59,ev_C,C,16,
20170805134000,2017-08-05 13:40:00,2017-08-05 23:59:59,ev_K,K,2,
20170805134010,2017-08-05 13:40:10,2017-08-05 23:59:59,ev_C,C,2,
20170805134020,2017-08-05 13:40:20,2017-08-05 23:59:59,ev_C,C,17,
20170805134030,2017-08-05 13:40:30,2017-08-05 23:59:59,ev_C,C,11,
20170805134040,2017-08-05 13:40:40,2017-08-05 23:59:59,ev_C,C,13,
20170805134050,2017-08-05 13:40:50,2017-08-05 23:59:59,ev_N,K,5,
20170805134100,2017-08-05 13:41:00,2017-08-05 23:59:59,ev_N,K,4,
20170805134110,2017-08-05 13:41:10,2017-08-05 23:59:59,ev_C,C,13,
20170805134120,2017-08-05 13:41:20,2017-08-05 23:59:59,ev_K,K,2,
20170805134130,2017-08-05 13:41:30,2017-08-05 23:59:59,ev_C,C,1,
20170805134140,2017-08-05 13:41:40,2017-08-05 23:59:59,ev_K,K,4,
20170805134150,2017-08-05 13:41:50,2017-08-05 23:59:59,ev_C,C,6,
20170805134200,2017-08-05 13:42:00,2017-08-05 23:59:59,ev_C,C,19,
20170805134210,2017-08-05 13:42:10,2017-08-05 23:59:59,ev_C,C,6,
20170805134220,2017-08-05 13:42:20,2017-08-05 23:59:59,ev_C,C,7,
20170805134230,2017-08-05 13:42:30,2017-08-05 23:59:59,ev_C,C,5,
20170805134240,2017-08-05 13:42:40,2017-08-05 23:59:59,ev_C,C,20,
20170805134250,2017-08-05 13:42:50,2017-08-05 23:59:59,ev_C,C,19,
20170805134300,2017-08-05 13:43:00,2017-08-05 23:59:59,ev_K,K,3,
20170805134310,2017-08-05 13:43:10,2017-08-05 23:59:59,ev_C,C,5,
20170805134320,2017-08-05 13:43:20,2017-08-05 23:59:59,ev_C,C,4,
20170805134330,2017-08-05 13:43:30,2017-08-05 23:59:59,ev_K,K,2,
20170805134340,2017-08-05 13:43:40,2017-08-05 23:59:59,ev_C,C,2,
20170805134350,2017-08-05 13:43:50,2017-08-05 23:59:59,ev_N,K,2,
20170805134400,2017-08-05 13:44:00,2017-08-05 23:59:59,ev_K,K,3,
20170805134410,2017-08-05 13:44:10,2017-08-05 23:59:59,ev_K,K,4,
20170805134420,2017-08-05 13:44:20,2017-08-05 23:59:59,ev_K,K,3,
20170805134430,2017-08-05 13:44:30,2017-08-05 23:59:59,ev_C,C,3,
20170805134440,2017-08-05 13:44:40,2017-08-05 23:59:59,ev_K,K,4,
20170805134450,2017-08-05 13:44:50,2017-08-05 23:59:59,ev_K,K,1,
20170805134500,2017-08-05 13:45:00,2017-08-05 23:59:59,ev_K,K,5,
20170805134510,2017-08-05 13:45:10,2017-08-05 23:59:59,ev_C,C,17,
20170805134520,2017-08-05 13:45:20,2017-08-05 23:59:59,ev_C,C,17,
20170805134530,2017-08-05 13:45:30,2017-08-05 23:59:59,ev_C,C,1,
20170805134540,2017-08-05 13:45:40,2017-08-05 23:59:59,ev_C,C,4,
20170805134550,2017-08-05 13:45:50,2017-08-05 23:59:59,ev_K,K,2,
20170805134600,2017-08-05 13:46:00,2017-08-05 23:59:59,ev_K,K,2,
20170805134610,2017-08-05 13:46:10,2017-08-05 23:59:59,ev_K,K,5,
20170805134620,2017-08-05 13:46:20,2017-08-05 23:59:59,ev_K,K,2,
20170805134630,2017-08-05 13:46:30,2017-08-05 23:59:59,ev_C,C,6,
20170805134640,2017-08-05 13:46:40,2017-08-05 23:59:59,ev_C,C,15,
20170805134650,2017-08-05 13:46:50,2017-08-05 23:59:59,ev_C,C,8,
20170805134700,2017-08-05 13:47:00,2017-08-05 23:59:59,ev_C,C,6,
20170805134710,2017-08-05 13:47:10,2017-08-05 23:59:59,ev_C,C,2,
20170805134720,2017-08-05 13:47:20,2017-08-05 23:59:59,ev_C,C,7,
20170805134730,2017-08-05 13:47:30,2017-08-05 23:59:59,ev_C,C,1,
20170805134740,2017-08-05 13:47:40,2017-08-05 23:59:59,ev_C,C,7,
20170805134750,2017-08-05 13:47:50,2017-08-05 23:59:59,ev_K,K,5,
20170805134800,2017-08-05 13:48:00,2017-08-05 23:59:59,ev_C,C,17,
20170805134810,2017-08-05 13:48:10,2017-08-05 23:59:59,ev_C,C,16,
20170805134820,2017-08-05 13:48:20,2017-08-05 23:59:59,ev_C,C,14,
20170805134830,2017-08-05 13:48:30,2017-08-05 23:59:59,ev_C,C,12,
20170805134840,2017-08-05 13:48:40,2017-08-05 23:59:59,ev_C,C,12,
20170805134850,2017-08-05 13:48:50,2017-08-05 23:59:59,ev_C,C,10,
20170805134900,2017-08-05 13:49:00,2017-08-05 23:59:59,ev_C,C,16,
20170805134910,2017-08-05 13:49:10,2017-08-05 23:59:59,ev_K,K,3,
20170805134920,2017-08-05 13:49:20,2017-08-05 23:59:59,ev_C,C,2,
20170805134930,2017-08-05 13:49:30,2017-08-05 23:59:59,ev_C,C,19,
20170805134940,2017-08-05 13:49:40,2017-08-05 23:59:59,ev_N,K,1,
20170805134950,2017-08-05 13:49:50,2017-08-05 23:59:59,ev_C,C,15,
20170805135000,2017-08-05 13:50:00,2017-08-05 23:59:59,ev_C,C,11,
20170805135010,2017-08-05 13:50:10,2017-08-05 23:59:59,ev_C,C,3,
20170805135020,2017-08-05 13:50:20,2017-08-05 23:59:59,ev_C,C,13,
20170805135030,2017-08-05 13:50:30,2017-08-05 23:59:59,ev_C,C,8,
20170805135040,2017-08-05 13:50:40,2017-08-05 23:59:59,ev_C,C,7,
20170805135050,2017-08-05 13:50:50,2017-08-05 23:59:59,ev_C,C,7,
20170805135100,2017-08-05 13:51:00,2017-08-05 23:59:59,ev_C,C,10,
20170805135110,2017-08-05 13:51:10,2017-08-05 23:59:59,ev_C,C,6,
20170805135120,2017-08-05 13:51:20,2017-08-05 23:59:59,ev_C,C,7,
20170805135130,2017-08-05 13:51:30,2017-08-05 23:59:59,ev_C,C,17,
20170805135140,2017-08-05 13:51:40,2017-08-05 23:59:59,ev_C,C,10,
20170805135150,2017-08-05 13:51:50,2017-08-05 23:59:59,ev_C,C,15,
20170805135200,2017-08-05 13:52:00,2017-08-05 23:59:59,ev_C,C,13,
20170805135210,2017-08-05 13:52:10,2017-08-05 23:59:59,ev_C,C,9,
20170805135220,2017-08-05 13:52:20,2017-08-05 23:59:59,ev_N,K,2,
20170805135230,2017-08-05 13:52:30,2017-08-05 23:59:59,ev_C,C,19,
20170805135240,2017-08-05 13:52:40,2017-08-05 23:59:59,ev_C,C,12,
20170805135250,2017-08-05 13:52:50,2017-08-05 23:59:59,ev_K,K,5,
20170805135300,2017-08-05 13:53:00,2017-08-05 23:59:59,ev_C,C,17,
20170805135310,2017-08-05 13:53:10,2017-08-05 23:59:59,ev_K,K,4,
20170805135320,2017-08-05 13:53:20,2017-08-05 23:59:59,ev_C,C,17,
20170805135330,2017-08-05 13:53:30,2017-08-05 23:59:59,ev_C,C,15,
20170805135340,2017-08-05 13:53:40,2017-08-05 23:59:59,ev_C,C,6,
20170805135350,2017-08-05 13:53:50,2017-08-05 23:59:59,ev_C,C,20,
20170805135400,2017-08-05 13:54:00,2017-08-05 23:59:59,ev_C,C,20,
20170805135410,2017-08-05 13:54:10,2017-08-05 23:59:59,ev_K,K,4,
20170805135420,2017-08-05 13:54:20,2017-08-05 23:59:59,ev_C,C,12,
20170805135430,2017-08-05 13:54:30,2017-08-05 23:59:59,ev_C,C,3,
20170805135440,2017-08-05 13:54:40,2017-08-05 23:59:59,ev_C,C,1,
20170805135450,2017-08-05 13:54:50,2017-08-05 23:59:59,ev_C,C,15,
20170805135500,2017-08-05 13:55:00,2017-08-05 23:59:59,ev_C,C,12,
20170805135510,2017-08-05 13:55:10,2017-08-05 23:59:59,ev_C,C,6,
20170805135520,2017-08-05 13:55:20,2017-08-05 23:59:59,ev_C,C,13,
20170805135530,2017-08-05 13:55:30,2017-08-05 23:59:59,ev_C,C,4,
20170805135540,2017-08-05 13:55:40,2017-08-05 23:59:59,ev_C,C,12,
20170805135550,2017-08-05 13:55:50,2017-08-05 23:59:59,ev_C,C,8,
20170805135600,2017-08-05 13:56:00,2017-08-05 23:59:59,ev_C,C,19,
20170805135610,2017-08-05 13:56:10,2017-08-05 23:59:59,ev_C,C,9,
20170805135620,2017-08-05 13:56:20,2017-08-05 23:59:59,ev_C,C,19,
20170805135630,2017-08-05 13:56:30,2017-08-05 23:59:59,ev_C,C,17,
20170805135640,2017-08-05 13:56:40,2017-08-05 23:59:59,ev_C,C,7,
20170805135650,2017-08-05 13:56:50,2017-08-05 23:59:59,ev_C,C,14,
20170805135700,2017-08-05 13:57:00,2017-08-05 23:59:59,ev_C,C,11,
20170805135710,2017-08-05 13:57:10,2017-08-05 23:59:59,ev_C,C,10,
20170805135720,2017-08-05 13:57:20,2017-08-05 23:59:59,ev_C,C,18,
20170805135730,2017-08-05 13:57:30,2017-08-05 23:59:59,ev_C,C,4,
20170805135740,2017-08-05 13:57:40,2017-08-05 23:59:59,ev_K,K,2,
20170805135750,2017-08-05 13:57:50,2017-08-05 23:59:59,ev_C,C,1,
20170805135800,2017-08-05 13:58:00,2017-08-05 23:59:59,ev_C,C,15,
20170805135810,2017-08-05 13:58:10,2017-08-05 23:59:59,ev_C,C,6,
20170805135820,2017-08-05 13:58:20,2017-08-05 23:59:59,ev_K,K,2,
20170805135830,2017-08-05 13:58:30,2017-08-05 23:59:59,ev_C,C,13,
20170805135840,2017-08-05 13:58:40,2017-08-05 23:59:59,ev_K,K,4,
20170805135850,2017-08-05 13:58:50,2017-08-05 23:59:59,ev_C,C,17,
20170805135900,2017-08-05 13:59:00,2017-08-05 23:59:59,ev_C,C,11,
20170805135910,2017-08-05 13:59:10,2017-08-05 23:59:59,ev_C,C,6,
20170805135920,2017-08-05 13:59:20,2017-08-05 23:59:59,ev_C,C,8,
20170805135930,2017-08-05 13:59:30,2017-08-05 23:59:59,ev_C,C,11,
20170805135940,2017-08-05 13:59:40,2017-08-05 23:59:59,ev_N,K,4,
20170805135950,2017-08-05 13:59:50,2017-08-05 23:59:59,ev_C,C,17,
20170805140000,2017-08-05 14:00:00,2017-08-05 23:59:59,ev_C,C,6,
20170805140010,2017-08-05 14:00:10,2017-08-05 23:59:59,ev_C,C,20,
20170805140020,2017-08-05 14:00:20,2017-08-05 23:59:59,ev_C,C,4,
20170805140030,2017-08-05 14:00:30,2017-08-05 23:59:59,ev_K,K,2,
20170805140040,2017-08-05 14:00:40,2017-08-05 23:59:59,ev_K,K,2,
20170805140050,2017-08-05 14:00:50,2017-08-05 23:59:59,ev_C,C,8,
20170805140100,2017-08-05 14:01:00,2017-08-05 23:59:59,ev_K,K,5,
20170805140110,2017-08-05 14:01:10,2017-08-05 23:59:59,ev_C,C,10,
20170805140120,2017-08-05 14:01:20,2017-08-05 23:59:59,ev_C,C,9,
20170805140130,2017-08-05 14:01:30,2017-08-05 23:59:59,ev_C,C,9,
20170805140140,2017-08-05 14:01:40,2017-08-05 23:59:59,ev_C,C,10,
20170805140150,2017-08-05 14:01:50,2017-08-05 23:59:59,ev_K,K,5,
20170805140200,2017-08-05 14:02:00,2017-08-05 23:59:59,ev_N,K,4,
20170805140210,2017-08-05 14:02:10,2017-08-05 23:59:59,ev_C,C,4,
20170805140220,2017-08-05 14:02:20,2017-08-05 23:59:59,ev_N,K,5,
20170805140230,2017-08-05 14:02:30,2017-08-05 23:59:59,ev_K,K,5,
20170805140240,2017-08-05 14:02:40,2017-08-05 23:59:59,ev_C,C,3,
20170805140250,2017-08-05 14:02:50,2017-08-05 23:59:59,ev_C,C,8,
20170805140300,2017-08-05 14:03:00,2017-08-05 23:59:59,ev_N,K,4,
20170805140310,2017-08-05 14:03:10,2017-08-05 23:59:59,ev_C,C,4,
20170805140320,2017-08-05 14:03:20,2017-08-05 23:59:59,ev_C,C,20,
20170805140330,2017-08-05 14:03:30,2017-08-05 23:59:59,ev_K,K,1,
20170805140340,2017-08-05 14:03:40,2017-08-05 23:59:59,ev_N,K,3,
20170805140350,2017-08-05 14:03:50,2017-08-05 23:59:59,ev_C,C,10,
20170805140400,2017-08-05 14:04:00,2017-08-05 23:59:59,ev_C,C,15,
20170805140410,2017-08-05 14:04:10,2017-08-05 23:59:59,ev_N,K,1,
20170805140420,2017-08-05 14:04:20,2017-08-05 23:59:59,ev_K,K,3,
20170805140430,2017-08-05 14:04:30,2017-08-05 23:59:59,ev_C,C,13,
20170805140440,2017-08-05 14:04:40,2017-08-05 23:59:59,ev_C,C,11,
20170805140450,2017-08-05 14:04:50,2017-08-05 23:59:59,ev_C,C,4,
20170805140500,2017-08-05 14:05:00,2017-08-05 23:59:59,ev_C,C,1,
20170805140510,2017-08-05 14:05:10,2017-08-05 23:59:59,ev_K,K,5,
20170805140520,2017-08-05 14:05:20,2017-08-05 23:59:59,ev_C,C,9,
20170805140530,2017-08-05 14:05:30,2017-08-05 23:59:59,ev_C,C,7,
20170805140540,2017-08-05 14:05:40,2017-08-05 23:59:59,ev_C,C,20,
20170805140550,2017-08-05 14:05:50,2017-08-05 23:59:59,ev_C,C,18,
20170805140600,2017-08-05 14:06:00,2017-08-05 23:59:59,ev_C,C,3,
20170805140610,2017-08-05 14:06:10,2017-08-05 23:59:59,ev_C,C,17,
20170805140620,2017-08-05 14:06:20,2017-08-05 23:59:59,ev_C,C,5,
20170805140630,2017-08-05 14:06:30,2017-08-05 23:59:59,ev_C,C,11,
20170805140640,2017-08-05 14:06:40,2017-08-05 23:59:59,ev_C,C,1,
20170805140650,2017-08-05 14:06:50,2017-08-05 23:59:59,ev_C,C,6,
20170805140700,2017-08-05 14:07:00,2017-08-05 23:59:59,ev_C,C,15,
20170805140710,2017-08-05 14:07:10,2017-08-05 23:59:59,ev_C,C,19,
20170805140720,2017-08-05 14:07:20,2017-08-05 23:59:59,ev_C,C,2,
20170805140730,2017-08-05 14:07:30,2017-08-05 23:59:59,ev_C,C,17,
20170805140740,2017-08-05 14:07:40,2017-08-05 23:59:59,ev_K,K,4,
20170805140750,2017-08-05 14:07:50,2017-08-05 23:59:59,ev_K,K,1,
20170805140800,2017-08-05 14:08:00,2017-08-05 23:59:59,ev_C,C,15,
20170805140810,2017-08-05 14:08:10,2017-08-05 23:59:59,ev_C,C,13,
20170805140820,2017-08-05 14:08:20,2017-08-05 23:59:59,ev_C,C,20,
20170805140830,2017-08-05 14:08:30,2017-08-05 23:59:59,ev_N,K,4,
20170805140840,2017-08-05 14:08:40,2017-08-05 23:59:59,ev_C,C,14,
20170805140850,2017-08-05 14:08:50,2017-08-05 23:59:59,ev_C,C,12,
20170805140900,2017-08-05 14:09:00,2017-08-05 23:59:59,ev_C,C,17,
20170805140910,2017-08-05 14:09:10,2017-08-05 23:59:59,ev_K,K,2,
20170805140920,2017-08-05 14:09:20,2017-08-05 23:59:59,ev_C,C,4,
20170805140930,2017-08-05 14:09:30,2017-08-05 23:59:59,ev_C,C,6,
20170805140940,2017-08-05 14:09:40,2017-08-05 23:59:59,ev_K,K,4,
20170805140950,2017-08-05 14:09:50,2017-08-05 23:59:59,ev_C,C,11,
20170805141000,2017-08-05 14:10:00,2017-08-05 23:59:59,ev_K,K,2,
20170805141010,2017-08-05 14:10:10,2017-08-05 23:59:59,ev_K,K,3,
20170805141020,2017-08-05 14:10:20,2017-08-05 23:59:59,ev_C,C,2,
20170805141030,2017-08-05 14:10:30,2017-08-05 23:59:59,ev_C,C,12,
20170805141040,2017-08-05 14:10:40,2017-08-05 23:59:59,ev_C,C,12,
20170805141050,2017-08-05 14:10:50,2017-08-05 23:59:59,ev_C,C,16,
20170805141100,2017-08-05 14:11:00,2017-08-05 23:59:59,ev_K,K,5,
20170805141110,2017-08-05 14:11:10,2017-08-05 23:59:59,ev_C,C,20,
20170805141120,2017-08-05 14:11:20,2017-08-05 23:59:59,ev_C,C,19,
20170805141130,2017-08-05 14:11:30,2017-08-05 23:59:59,ev_C,C,1,
20170805141140,2017-08-05 14:11:40,2017-08-05 23:59:59,ev_N,K,4,
20170805141150,2017-08-05 14:11:50,2017-08-05 23:59:59,ev_K,K,1,
20170805141200,2017-08-05 14:12:00,2017-08-05 23:59:59,ev_K,K,1,
20170805141210,2017-08-05 14:12:10,2017-08-05 23:59:59,ev_C,C,5,
20170805141220,2017-08-05 14:12:20,2017-08-05 23:59:59,ev_C,C,1,
20170805141230,2017-08-05 14:12:30,2017-08-05 23:59:59,ev_C,C,8,
20170805141240,2017-08-05 14:12:40,2017-08-05 23:59:59,ev_C,C,19,
20170805141250,2017-08-05 14:12:50,2017-08-05 23:59:59,ev_C,C,18,
20170805141300,2017-08-05 14:13:00,2017-08-05 23:59:59,ev_C,C,20,
20170805141310,2017-08-05 14:13:10,2017-08-05 23:59:59,ev_C,C,19,
20170805141320,2017-08-05 14:13:20,2017-08-05 23:59:59,ev_C,C,15,
20170805141330,2017-08-05 14:13:30,2017-08-05 23:59:59,ev_C,C,10,
20170805141340,2017-08-05 14:13:40,2017-08-05 23:59:59,ev_C,C,20,
20170805141350,2017-08-05 14:13:50,2017-08-05 23:59:59,ev_C,C,13,
20170805141400,2017-08-05 14:14:00,2017-08-05 23:59:59,ev_K,K,4,
20170805141410,2017-08-05 14:14:10,2017-08-05 23:59:59,ev_C,C,5,
20170805141420,2017-08-05 14:14:20,2017-08-05 23:59:59,ev_C,C,15,
20170805141430,2017-08-05 14:14:30,2017-08-05 23:59:59,ev_C,C,12,
20170805141440,2017-08-05 14:14:40,2017-08-05 23:59:59,ev_C,C,20,
20170805141450,2017-08-05 14:14:50,2017-08-05 23:59:59,ev_C,C,10,
20170805141500,2017-08-05 14:15:00,2017-08-05 23:59:59,ev_C,C,2,
20170805141510,2017-08-05 14:15:10,2017-08-05 23:59:59,ev_C,C,17,
20170805141520,2017-08-05 14:15:20,2017-08-05 23:59:59,ev_C,C,3,
20170805141530,2017-08-05 14:15:30,2017-08-05 23:59:59,ev_C,C,17,
20170805141540,2017-08-05 14:15:40,2017-08-05 23:59:59,ev_K,K,2,
20170805141550,2017-08-05 14:15:50,2017-08-05 23:59:59,ev_C,C,18,
20170805141600,2017-08-05 14:16:00,2017-08-05 23:59:59,ev_K,K,5,
20170805141610,2017-08-05 14:16:10,2017-08-05 23:59:59,ev_C,C,1,
20170805141620,2017-08-05 14:16:20,2017-08-05 23:59:59,ev_C,C,8,
20170805141630,2017-08-05 14:16:30,2017-08-05 23:59:59,ev_N,K,5,
20170805141640,2017-08-05 14:16:40,2017-08-05 23:59:59,ev_C,C,14,
20170805141650,2017-08-05 14:16:50,2017-08-05 23:59:59,ev_C,C,16,
20170805141700,2017-08-05 14:17:00,2017-08-05 23:59:59,ev_C,C,1,
20170805141710,2017-08-05 14:17:10,2017-08-05 23:59:59,ev_C,C,16,
20170805141720,2017-08-05 14:17:20,2017-08-05 23:59:59,ev_C,C,18,
20170805141730,2017-08-05 14:17:30,2017-08-05 23:59:59,ev_C,C,10,
20170805141740,2017-08-05 14:17:40,2017-08-05 23:59:59,ev_C,C,4,
20170805141750,2017-08-05 14:17:50,2017-08-05 23:59:59,ev_C,C,2,
20170805141800,2017-08-05 14:18:00,2017-08-05 23:59:59,ev_C,C,18,
20170805141810,2017-08-05 14:18:10,2017-08-05 23:59:59,ev_N,K,5,
20170805141820,2017-08-05 14:18:20,2017-08-05 23:59:59,ev_N,K,3,
20170805141830,2017-08-05 14:18:30,2017-08-05 23:59:59,ev_K,K,4,
20170805141840,2017-08-05 14:18:40,2017-08-05 23:59:59,ev_C,C,14,
20170805141850,2017-08-05 14:18:50,2017-08-05 23:59:59,ev_C,C,19,
20170805141900,2017-08-05 14:19:00,2017-08-05 23:59:59,ev_C,C,2,
20170805141910,2017-08-05 14:19:10,2017-08-05 23:59:59,ev_K,K,1,
20170805141920,2017-08-05 14:19:20,2017-08-05 23:59:59,ev_C,C,9,
20170805141930,2017-08-05 14:19:30,2017-08-05 23:59:59,ev_C,C,3,
20170805141940,2017-08-05 14:19:40,2017-08-05 23:59:59,ev_N,K,5,
20170805141950,2017-08-05 14:19:50,2017-08-05 23:59:59,ev_C,C,1,
20170805142000,2017-08-05 14:20:00,2017-08-05 23:59:59,ev_C,C,13,
20170805142010,2017-08-05 14:20:10,2017-08-05 23:59:59,ev_K,K,2,
20170805142020,2017-08-05 14:20:20,2017-08-05 23:59:59,ev_C,C,13,
20170805142030,2017-08-05 14:20:30,2017-08-05 23:59:59,ev_K,K,4,
20170805142040,2017-08-05 14:20:40,2017-08-05 23:59:59,ev_N,K,2,
20170805142050,2017-08-05 14:20:50,2017-08-05 23:59:59,ev_C,C,19,
20170805142100,2017-08-05 14:21:00,2017-08-05 23:59:59,ev_C,C,9,
20170805142110,2017-08-05 14:21:10,2017-08-05 23:59:59,ev_C,C,13,
20170805142120,2017-08-05 14:21:20,2017-08-05 23:59:59,ev_C,C,5,
20170805142130,2017-08-05 14:21:30,2017-08-05 23:59:59,ev_C,C,6,
20170805142140,2017-08-05 14:21:40,2017-08-05 23:59:59,ev_C,C,11,
20170805142150,2017-08-05 14:21:50,2017-08-05 23:59:59,ev_C,C,9,
20170805142200,2017-08-05 14:22:00,2017-08-05 23:59:59,ev_C,C,17,
20170805142210,2017-08-05 14:22:10,2017-08-05 23:59:59,ev_C,C,6,
20170805142220,2017-08-05 14:22:20,2017-08-05 23:59:59,ev_C,C,18,
20170805142230,2017-08-05 14:22:30,2017-08-05 23:59:59,ev_C,C,14,
20170805142240,2017-08-05 14:22:40,2017-08-05 23:59:59,ev_C,C,10,
20170805142250,2017-08-05 14:22:50,2017-08-05 23:59:59,ev_C,C,2,
20170805142300,2017-08-05 14:23:00,2017-08-05 23:59:59,ev_K,K,5,
20170805142310,2017-08-05 14:23:10,2017-08-05 23:59:59,ev_C,C,3,
20170805142320,2017-08-05 14:23:20,2017-08-05 23:59:59,ev_C,C,9,
20170805142330,2017-08-05 14:23:30,2017-08-05 23:59:59,ev_C,C,13,
20170805142340,2017-08-05 14:23:40,2017-08-05 23:59:59,ev_N,K,2,
20170805142350,2017-08-05 14:23:50,2017-08-05 23:59:59,ev_C,C,19,
20170805142400,2017-08-05 14:24:00,2017-08-05 23:59:59,ev_K,K,5,
20170805142410,2017-08-05 14:24:10,2017-08-05 23:59:59,ev_C,C,2,
20170805142420,2017-08-05 14:24:20,2017-08-05 23:59:59,ev_C,C,20,
20170805142430,2017-08-05 14:24:30,2017-08-05 23:59:59,ev_C,C,6,
20170805142440,2017-08-05 14:24:40,2017-08-05 23:59:59,ev_C,C,20,
20170805142450,2017-08-05 14:24:50,2017-08-05 23:59:59,ev_C,C,4,
20170805142500,2017-08-05 14:25:00,2017-08-05 23:59:59,ev_C,C,8,
20170805142510,2017-08-05 14:25:10,2017-08-05 23:59:59,ev_C,C,19,
20170805142520,2017-08-05 14:25:20,2017-08-05 23:59:59,ev_C,C,11,
20170805142530,2017-08-05 14:25:30,2017-08-05 23:59:59,ev_C,C,6,
20170805142540,2017-08-05 14:25:40,2017-08-05 23:59:59,ev_C,C,18,
20170805142550,2017-08-05 14:25:50,2017-08-05 23:59:59,ev_C,C,6,
20170805142600,2017-08-05 14:26:00,2017-08-05 23:59:59,ev_C,C,4,
20170805142610,2017-08-05 14:26:10,2017-08-05 23:59:59,ev_C,C,14,
20170805142620,2017-08-05 14:26:20,2017-08-05 23:59:59,ev_C,C,4,
20170805142630,2017-08-05 14:26:30,2017-08-05 23:59:59,ev_C,C,15,
20170805142640,2017-08-05 14:26:40,2017-08-05 23:59:59,ev_C,C,4,
20170805142650,2017-08-05 14:26:50,2017-08-05 23:59:59,ev_K,K,4,
20170805142700,2017-08-05 14:27:00,2017-08-05 23:59:59,ev_C,C,17,
20170805142710,2017-08-05 14:27:10,2017-08-05 23:59:59,ev_K,K,1,
20170805142720,2017-08-05 14:27:20,2017-08-05 23:59:59,ev_C,C,17,
20170805142730,2017-08-05 14:27:30,2017-08-05 23:59:59,ev_C,C,16,
20170805142740,2017-08-05 14:27:40,2017-08-05 23:59:59,ev_C,C,9,
20170805142750,2017-08-05 14:27:50,2017-08-05 23:59:59,ev_C,C,17,
20170805142800,2017-08-05 14:28:00,2017-08-05 23:59:59,ev_C,C,13,
20170805142810,2017-08-05 14:28:10,2017-08-05 23:59:59,ev_C,C,1,
20170805142820,2017-08-05 14:28:20,2017-08-05 23:59:59,ev_C,C,18,
20170805142830,2017-08-05 14:28:30,2017-08-05 23:59:59,ev_C,C,3,
20170805142840,2017-08-05 14:28:40,2017-08-05 23:59:59,ev_K,K,5,
20170805142850,2017-08-05 14:28:50,2017-08-05 23:59:59,ev_K,K,1,
20170805142900,2017-08-05 14:29:00,2017-08-05 23:59:59,ev_C,C,1,
20170805142910,2017-08-05 14:29:10,2017-08-05 23:59:59,ev_C,C,2,
20170805142920,2017-08-05 14:29:20,2017-08-05 23:59:59,ev_C,C,14,
20170805142930,2017-08-05 14:29:30,2017-08-05 23:59:59,ev_C,C,3,
20170805142940,2017-08-05 14:29:40,2017-08-05 23:59:59,ev_C,C,10,
20170805142950,2017-08-05 14:29:50,2017-08-05 23:59:59,ev_C,C,1,
20170805143000,2017-08-05 14:30:00,2017-08-05 23:59:59,ev_C,C,18,
20170805143010,2017-08-05 14:30:10,2017-08-05 23:59:59,ev_C,C,6,
20170805143020,2017-08-05 14:30:20,2017-08-05 23:59:59,ev_K,K,2,
20170805143030,2017-08-05 14:30:30,2017-08-05 23:59:59,ev_C,C,9,
20170805143040,2017-08-05 14:30:40,2017-08-05 23:59:59,ev_C,C,2,
20170805143050,2017-08-05 14:30:50,2017-08-05 23:59:59,ev_C,C,1,
20170805143100,2017-08-05 14:31:00,2017-08-05 23:59:59,ev_C,C,17,
20170805143110,2017-08-05 14:31:10,2017-08-05 23:59:59,ev_N,K,3,
20170805143120,2017-08-05 14:31:20,2017-08-05 23:59:59,ev_C,C,13,
20170805143130,2017-08-05 14:31:30,2017-08-05 23:59:59,ev_C,C,10,
20170805143140,2017-08-05 14:31:40,2017-08-05 23:59:59,ev_C,C,5,
20170805143150,2017-08-05 14:31:50,2017-08-05 23:59:59,ev_C,C,12,
20170805143200,2017-08-05 14:32:00,2017-08-05 23:59:59,ev_C,C,1,
20170805143210,2017-08-05 14:32:10,2017-08-05 23:59:59,ev_C,C,20,
20170805143220,2017-08-05 14:32:20,2017-08-05 23:59:59,ev_C,C,5,
20170805143230,2017-08-05 14:32:30,2017-08-05 23:59:59,ev_N,K,4,
20170805143240,2017-08-05 14:32:40,2017-08-05 23:59:59,ev_C,C,18,
20170805143250,2017-08-05 14:32:50,2017-08-05 23:59:59,ev_C,C,9,
20170805143300,2017-08-05 14:33:00,2017-08-05 23:59:59,ev_C,C,8,
20170805143310,2017-08-05 14:33:10,2017-08-05 23:59:59,ev_C,C,6,
20170805143320,2017-08-05 14:33:20,2017-08-05 23:59:59,ev_C,C,11,
20170805143330,2017-08-05 14:33:30,2017-08-05 23:59:59,ev_C,C,5,
20170805143340,2017-08-05 14:33:40,2017-08-05 23:59:59,ev_C,C,5,
20170805143350,2017-08-05 14:33:50,2017-08-05 23:59:59,ev_C,C,9,
20170805143400,2017-08-05 14:34:00,2017-08-05 23:59:59,ev_K,K,2,
20170805143410,2017-08-05 14:34:10,2017-08-05 23:59:59,ev_N,K,1,
20170805143420,2017-08-05 14:34:20,2017-08-05 23:59:59,ev_C,C,15,
20170805143430,2017-08-05 14:34:30,2017-08-05 23:59:59,ev_C,C,6,
20170805143440,2017-08-05 14:34:40,2017-08-05 23:59:59,ev_C,C,6,
20170805143450,2017-08-05 14:34:50,2017-08-05 23:59:59,ev_C,C,18,
20170805143500,2017-08-05 14:35:00,2017-08-05 23:59:59,ev_C,C,4,
20170805143510,2017-08-05 14:35:10,2017-08-05 23:59:59,ev_K,K,3,
20170805143520,2017-08-05 14:35:20,2017-08-05 23:59:59,ev_C,C,12,
20170805143530,2017-08-05 14:35:30,2017-08-05 23:59:59,ev_C,C,16,
20170805143540,2017-08-05 14:35:40,2017-08-05 23:59:59,ev_C,C,3,
20170805143550,2017-08-05 14:35:50,2017-08-05 23:59:59,ev_C,C,20,
20170805143600,2017-08-05 14:36:00,2017-08-05 23:59:59,ev_C,C,8,
20170805143610,2017-08-05 14:36:10,2017-08-05 23:59:59,ev_K,K,5,
20170805143620,2017-08-05 14:36:20,2017-08-05 23:59:59,ev_C,C,2,
20170805143630,2017-08-05 14:36:30,2017-08-05 23:59:59,ev_C,C,1,
20170805143640,2017-08-05 14:36:40,2017-08-05 23:59:59,ev_C,C,7,
20170805143650,2017-08-05 14:36:50,2017-08-05 23:59:59,ev_C,C,1,
20170805143700,2017-08-05 14:37:00,2017-08-05 23:59:59,ev_C,C,10,
20170805143710,2017-08-05 14:37:10,2017-08-05 23:59:59,ev_C,C,7,
20170805143720,2017-08-05 14:37:20,2017-08-05 23:59:59,ev_C,C,20,
20170805143730,2017-08-05 14:37:30,2017-08-05 23:59:59,ev_K,K,2,
20170805143740,2017-08-05 14:37:40,2017-08-05 23:59:59,ev_C,C,15,
20170805143750,2017-08-05 14:37:50,2017-08-05 23:59:59,ev_C,C,5,
20170805143800,2017-08-05 14:38:00,2017-08-05 23:59:59,ev_C,C,19,
20170805143810,2017-08-05 14:38:10,2017-08-05 23:59:59,ev_C,C,17,
20170805143820,2017-08-05 14:38:20,2017-08-05 23:59:59,ev_C,C,3,
20170805143830,2017-08-05 14:38:30,2017-08-05 23:59:59,ev_C,C,11,
20170805143840,2017-08-05 14:38:40,2017-08-05 23:59:59,ev_C,C,15,
20170805143850,2017-08-05 14:38:50,2017-08-05 23:59:59,ev_C,C,3,
20170805143900,2017-08-05 14:39:00,2017-08-05 23:59:59,ev_C,C,6,
20170805143910,2017-08-05 14:39:10,2017-08-05 23:59:59,ev_C,C,2,
20170805143920,2017-08-05 14:39:20,2017-08-05 23:59:59,ev_C,C,12,
20170805143930,2017-08-05 14:39:30,2017-08-05 23:59:59,ev_C,C,16,
20170805143940,2017-08-05 14:39:40,2017-08-05 23:59:59,ev_K,K,3,
20170805143950,2017-08-05 14:39:50,2017-08-05 23:59:59,ev_C,C,18,
20170805144000,2017-08-05 14:40:00,2017-08-05 23:59:59,ev_C,C,17,
20170805144010,2017-08-05 14:40:10,2017-08-05 23:59:59,ev_N,K,2,
20170805144020,2017-08-05 14:40:20,2017-08-05 23:59:59,ev_C,C,14,
20170805144030,2017-08-05 14:40:30,2017-08-05 23:59:59,ev_C,C,17,
20170805144040,2017-08-05 14:40:40,2017-08-05 23:59:59,ev_C,C,9,
20170805144050,2017-08-05 14:40:50,2017-08-05 23:59:59,ev_K,K,3,
20170805144100,2017-08-05 14:41:00,2017-08-05 23:59:59,ev_K,K,2,
20170805144110,2017-08-05 14:41:10,2017-08-05 23:59:59,ev_C,C,9,
20170805144120,2017-08-05 14:41:20,2017-08-05 23:59:59,ev_C,C,15,
20170805144130,2017-08-05 14:41:30,2017-08-05 23:59:59,ev_K,K,3,
20170805144140,2017-08-05 14:41:40,2017-08-05 23:59:59,ev_K,K,5,
20170805144150,2017-08-05 14:41:50,2017-08-05 23:59:59,ev_C,C,12,
20170805144200,2017-08-05 14:42:00,2017-08-05 23:59:59,ev_C,C,9,
20170805144210,2017-08-05 14:42:10,2017-08-05 23:59:59,ev_K,K,5,
20170805144220,2017-08-05 14:42:20,2017-08-05 23:59:59,ev_C,C,2,
20170805144230,2017-08-05 14:42:30,2017-08-05 23:59:59,ev_C,C,13,
20170805144240,2017-08-05 14:42:40,2017-08-05 23:59:59,ev_K,K,3,
20170805144250,2017-08-05 14:42:50,2017-08-05 23:59:59,ev_C,C,18,
20170805144300,2017-08-05 14:43:00,2017-08-05 23:59:59,ev_C,C,1,
20170805144310,2017-08-05 14:43:10,2017-08-05 23:59:59,ev_C,C,18,
20170805144320,2017-08-05 14:43:20,2017-08-05 23:59:59,ev_C,C,11,
20170805144330,2017-08-05 14:43:30,2017-08-05 23:59:59,ev_K,K,4,
20170805144340,2017-08-05 14:43:40,2017-08-05 23:59:59,ev_C,C,5,
20170805144350,2017-08-05 14:43:50,2017-08-05 23:59:59,ev_C,C,18,
20170805144400,2017-08-05 14:44:00,2017-08-05 23:59:59,ev_K,K,1,
20170805144410,2017-08-05 14:44:10,2017-08-05 23:59:59,ev_N,K,3,
20170805144420,2017-08-05 14:44:20,2017-08-05 23:59:59,ev_C,C,1,
20170805144430,2017-08-05 14:44:30,2017-08-05 23:59:59,ev_C,C,8,
20170805144440,2017-08-05 14:44:40,2017-08-05 23:59:59,ev_C,C,14,
20170805144450,2017-08-05 14:44:50,2017-08-05 23:59:59,ev_C,C,1,
20170805144500,2017-08-05 14:45:00,2017-08-05 23:59:59,ev_C,C,13,
20170805144510,2017-08-05 14:45:10,2017-08-05 23:59:59,ev_C,C,11,
20170805144520,2017-08-05 14:45:20,2017-08-05 23:59:59,ev_C,C,10,
20170805144530,2017-08-05 14:45:30,2017-08-05 23:59:59,ev_K,K,4,
20170805144540,2017-08-05 14:45:40,2017-08-05 23:59:59,ev_C,C,4,
20170805144550,2017-08-05 14:45:50,2017-08-05 23:59:59,ev_C,C,20,
20170805144600,2017-08-05 14:46:00,2017-08-05 23:59:59,ev_C,C,7,
20170805144610,2017-08-05 14:46:10,2017-08-05 23:59:59,ev_C,C,8,
20170805144620,2017-08-05 14:46:20,2017-08-05 23:59:59,ev_C,C,12,
20170805144630,2017-08-05 14:46:30,2017-08-05 23:59:59,ev_C,C,7,
20170805144640,2017-08-05 14:46:40,2017-08-05 23:59:59,ev_C,C,14,
20170805144650,2017-08-05 14:46:50,2017-08-05 23:59:59,ev_C,C,19,
20170805144700,2017-08-05 14:47:00,2017-08-05 23:59:59,ev_C,C,9,
20170805144710,2017-08-05 14:47:10,2017-08-05 23:59:59,ev_C,C,2,
20170805144720,2017-08-05 14:47:20,2017-08-05 23:59:59,ev_C,C,12,
20170805144730,2017-08-05 14:47:30,2017-08-05 23:59:59,ev_C,C,16,
20170805144740,2017-08-05 14:47:40,2017-08-05 23:59:59,ev_K,K,3,
20170805144750,2017-08-05 14:47:50,2017-08-05 23:59:59,ev_C,C,8,
20170805144800,2017-08-05 14:48:00,2017-08-05 23:59:59,ev_K,K,4,
20170805144810,2017-08-05 14:48:10,2017-08-05 23:59:59,ev_K,K,2,
20170805144820,2017-08-05 14:48:20,2017-08-05 23:59:59,ev_C,C,7,
20170805144830,2017-08-05 14:48:30,2017-08-05 23:59:59,ev_C,C,5,
20170805144840,2017-08-05 14:48:40,2017-08-05 23:59:59,ev_C,C,15,
20170805144850,2017-08-05 14:48:50,2017-08-05 23:59:59,ev_C,C,18,
20170805144900,2017-08-05 14:49:00,2017-08-05 23:59:59,ev_C,C,20,
20170805144910,2017-08-05 14:49:10,2017-08-05 23:59:59,ev_C,C,10,
20170805144920,2017-08-05 14:49:20,2017-08-05 23:59:59,ev_C,C,4,
20170805144930,2017-08-05 14:49:30,2017-08-05 23:59:59,ev_K,K,2,
20170805144940,2017-08-05 14:49:40,2017-08-05 23:59:59,ev_C,C,15,
20170805144950,2017-08-05 14:49:50,2017-08-05 23:59:59,ev_K,K,4,
20170805145000,2017-08-05 14:50:00,2017-08-05 23:59:59,ev_C,C,1,
20170805145010,2017-08-05 14:50:10,2017-08-05 23:59:59,ev_N,K,2,
20170805145020,2017-08-05 14:50:20,2017-08-05 23:59:59,ev_C,C,5,
20170805145030,2017-08-05 14:50:30,2017-08-05 23:59:59,ev_C,C,6,
20170805145040,2017-08-05 14:50:40,2017-08-05 23:59:59,ev_C,C,19,
20170805145050,2017-08-05 14:50:50,2017-08-05 23:59:59,ev_C,C,10,
20170805145100,2017-08-05 14:51:00,2017-08-05 23:59:59,ev_C,C,17,
20170805145110,2017-08-05 14:51:10,2017-08-05 23:59:59,ev_K,K,1,
20170805145120,2017-08-05 14:51:20,2017-08-05 23:59:59,ev_C,C,1,
20170805145130,2017-08-05 14:51:30,2017-08-05 23:59:59,ev_C,C,3,
20170805145140,2017-08-05 14:51:40,2017-08-05 23:59:59,ev_C,C,16,
20170805145150,2017-08-05 14:51:50,2017-08-05 23:59:59,ev_C,C,13,
20170805145200,2017-08-05 14:52:00,2017-08-05 23:59:59,ev_C,C,7,
20170805145210,2017-08-05 14:52:10,2017-08-05 23:59:59,ev_C,C,15,
20170805145220,2017-08-05 14:52:20,2017-08-05 23:59:59,ev_K,K,3,
20170805145230,2017-08-05 14:52:30,2017-08-05 23:59:59,ev_C,C,20,
20170805145240,2017-08-05 14:52:40,2017-08-05 23:59:59,ev_C,C,20,
20170805145250,2017-08-05 14:52:50,2017-08-05 23:59:59,ev_C,C,7,
20170805145300,2017-08-05 14:53:00,2017-08-05 23:59:59,ev_C,C,5,
20170805145310,2017-08-05 14:53:10,2017-08-05 23:59:59,ev_K,K,2,
20170805145320,2017-08-05 14:53:20,2017-08-05 23:59:59,ev_C,C,17,
20170805145330,2017-08-05 14:53:30,2017-08-05 23:59:59,ev_C,C,17,
20170805145340,2017-08-05 14:53:40,2017-08-05 23:59:59,ev_C,C,18,
20170805145350,2017-08-05 14:53:50,2017-08-05 23:59:59,ev_C,C,7,
20170805145400,2017-08-05 14:54:00,2017-08-05 23:59:59,ev_K,K,2,
20170805145410,2017-08-05 14:54:10,2017-08-05 23:59:59,ev_C,C,3,
20170805145420,2017-08-05 14:54:20,2017-08-05 23:59:59,ev_C,C,13,
20170805145430,2017-08-05 14:54:30,2017-08-05 23:59:59,ev_C,C,16,
20170805145440,2017-08-05 14:54:40,2017-08-05 23:59:59,ev_C,C,11,
20170805145450,2017-08-05 14:54:50,2017-08-05 23:59:59,ev_C,C,7,
20170805145500,2017-08-05 14:55:00,2017-08-05 23:59:59,ev_C,C,7,
20170805145510,2017-08-05 14:55:10,2017-08-05 23:59:59,ev_C,C,5,
20170805145520,2017-08-05 14:55:20,2017-08-05 23:59:59,ev_C,C,11,
20170805145530,2017-08-05 14:55:30,2017-08-05 23:59:59,ev_K,K,1,
20170805145540,2017-08-05 14:55:40,2017-08-05 23:59:59,ev_C,C,13,
20170805145550,2017-08-05 14:55:50,2017-08-05 23:59:59,ev_C,C,8,
20170805145600,2017-08-05 14:56:00,2017-08-05 23:59:59,ev_K,K,1,
20170805145610,2017-08-05 14:56:10,2017-08-05 23:59:59,ev_C,C,9,
20170805145620,2017-08-05 14:56:20,2017-08-05 23:59:59,ev_C,C,15,
20170805145630,2017-08-05 14:56:30,2017-08-05 23:59:59,ev_N,K,2,
20170805145640,2017-08-05 14:56:40,2017-08-05 23:59:59,ev_C,C,12,
20170805145650,2017-08-05 14:56:50,2017-08-05 23:59:59,ev_C,C,17,
20170805145700,2017-08-05 14:57:00,2017-08-05 23:59:59,ev_C,C,9,
20170805145710,2017-08-05 14:57:10,2017-08-05 23:59:59,ev_C,C,5,
20170805145720,2017-08-05 14:57:20,2017-08-05 23:59:59,ev_C,C,15,
20170805145730,2017-08-05 14:57:30,2017-08-05 23:59:59,ev_C,C,5,
20170805145740,2017-08-05 14:57:40,2017-08-05 23:59:59,ev_C,C,6,
20170805145750,2017-08-05 14:57:50,2017-08-05 23:59:59,ev_C,C,14,
20170805145800,2017-08-05 14:58:00,2017-08-05 23:59:59,ev_K,K,3,
20170805145810,2017-08-05 14:58:10,2017-08-05 23:59:59,ev_C,C,12,
20170805145820,2017-08-05 14:58:20,2017-08-05 23:59:59,ev_K,K,2,
20170805145830,2017-08-05 14:58:30,2017-08-05 23:59:59,ev_C,C,8,
20170805145840,2017-08-05 14:58:40,2017-08-05 23:59:59,ev_C,C,17,
20170805145850,2017-08-05 14:58:50,2017-08-05 23:59:59,ev_C,C,19,
20170805145900,2017-08-05 14:59:00,2017-08-05 23:59:59,ev_C,C,17,
20170805145910,2017-08-05 14:59:10,2017-08-05 23:59:59,ev_K,K,5,
20170805145920,2017-08-05 14:59:20,2017-08-05 23:59:59,ev_N,K,2,
20170805145930,2017-08-05 14:59:30,2017-08-05 23:59:59,ev_C,C,3,
20170805145940,2017-08-05 14:59:40,2017-08-05 23:59:59,ev_C,C,3,
20170805145950,2017-08-05 14:59:50,2017-08-05 23:59:59,ev_K,K,1,
20170805150000,2017-08-05 15:00:00,2017-08-05 23:59:59,ev_N,K,1,
20170805150010,2017-08-05 15:00:10,2017-08-05 23:59:59,ev_C,C,19,
20170805150020,2017-08-05 15:00:20,2017-08-05 23:59:59,ev_C,C,2,
20170805150030,2017-08-05 15:00:30,2017-08-05 23:59:59,ev_C,C,6,
20170805150040,2017-08-05 15:00:40,2017-08-05 23:59:59,ev_C,C,13,
20170805150050,2017-08-05 15:00:50,2017-08-05 23:59:59,ev_N,K,4,
20170805150100,2017-08-05 15:01:00,2017-08-05 23:59:59,ev_K,K,2,
20170805150110,2017-08-05 15:01:10,2017-08-05 23:59:59,ev_N,K,2,
20170805150120,2017-08-05 15:01:20,2017-08-05 23:59:59,ev_N,K,1,
20170805150130,2017-08-05 15:01:30,2017-08-05 23:59:59,ev_C,C,5,
20170805150140,2017-08-05 15:01:40,2017-08-05 23:59:59,ev_C,C,17,
20170805150150,2017-08-05 15:01:50,2017-08-05 23:59:59,ev_C,C,3,
20170805150200,2017-08-05 15:02:00,2017-08-05 23:59:59,ev_C,C,2,
20170805150210,2017-08-05 15:02:10,2017-08-05 23:59:59,ev_C,C,19,
20170805150220,2017-08-05 15:02:20,2017-08-05 23:59:59,ev_C,C,8,
20170805150230,2017-08-05 15:02:30,2017-08-05 23:59:59,ev_C,C,7,
20170805150240,2017-08-05 15:02:40,2017-08-05 23:59:59,ev_C,C,17,
20170805150250,2017-08-05 15:02:50,2017-08-05 23:59:59,ev_C,C,12,
20170805150300,2017-08-05 15:03:00,2017-08-05 23:59:59,ev_C,C,5,
20170805150310,2017-08-05 15:03:10,2017-08-05 23:59:59,ev_C,C,3,
20170805150320,2017-08-05 15:03:20,2017-08-05 23:59:59,ev_C,C,2,
20170805150330,2017-08-05 15:03:30,2017-08-05 23:59:59,ev_C,C,2,
20170805150340,2017-08-05 15:03:40,2017-08-05 23:59:59,ev_C,C,13,
20170805150350,2017-08-05 15:03:50,2017-08-05 23:59:59,ev_N,K,3,
20170805150400,2017-08-05 15:04:00,2017-08-05 23:59:59,ev_C,C,5,
20170805150410,2017-08-05 15:04:10,2017-08-05 23:59:59,ev_K,K,2,
20170805150420,2017-08-05 15:04:20,2017-08-05 23:59:59,ev_C,C,5,
20170805150430,2017-08-05 15:04:30,2017-08-05 23:59:59,ev_K,K,3,
20170805150440,2017-08-05 15:04:40,2017-08-05 23:59:59,ev_C,C,6,
20170805150450,2017-08-05 15:04:50,2017-08-05 23:59:59,ev_C,C,1,
20170805150500,2017-08-05 15:05:00,2017-08-05 23:59:59,ev_C,C,14,
20170805150510,2017-08-05 15:05:10,2017-08-05 23:59:59,ev_C,C,16,
20170805150520,2017-08-05 15:05:20,2017-08-05 23:59:59,ev_C,C,13,
20170805150530,2017-08-05 15:05:30,2017-08-05 23:59:59,ev_C,C,16,
20170805150540,2017-08-05 15:05:40,2017-08-05 23:59:59,ev_C,C,12,
20170805150550,2017-08-05 15:05:50,2017-08-05 23:59:59,ev_C,C,19,
20170805150600,2017-08-05 15:06:00,2017-08-05 23:59:59,ev_C,C,16,
20170805150610,2017-08-05 15:06:10,2017-08-05 23:59:59,ev_K,K,5,
20170805150620,2017-08-05 15:06:20,2017-08-05 23:59:59,ev_N,K,5,
20170805150630,2017-08-05 15:06:30,2017-08-05 23:59:59,ev_C,C,1,
20170805150640,2017-08-05 15:06:40,2017-08-05 23:59:59,ev_C,C,10,
20170805150650,2017-08-05 15:06:50,2017-08-05 23:59:59,ev_K,K,1,
20170805150700,2017-08-05 15:07:00,2017-08-05 23:59:59,ev_C,C,15,
20170805150710,2017-08-05 15:07:10,2017-08-05 23:59:59,ev_C,C,3,
20170805150720,2017-08-05 15:07:20,2017-08-05 23:59:59,ev_K,K,3,
20170805150730,2017-08-05 15:07:30,2017-08-05 23:59:59,ev_C,C,10,
20170805150740,2017-08-05 15:07:40,2017-08-05 23:59:59,ev_N,K,5,
20170805150750,2017-08-05 15:07:50,2017-08-05 23:59:59,ev_C,C,7,
20170805150800,2017-08-05 15:08:00,2017-08-05 23:59:59,ev_C,C,4,
20170805150810,2017-08-05 15:08:10,2017-08-05 23:59:59,ev_K,K,1,
20170805150820,2017-08-05 15:08:20,2017-08-05 23:59:59,ev_C,C,13,
20170805150830,2017-08-05 15:08:30,2017-08-05 23:59:59,ev_C,C,5,
20170805150840,2017-08-05 15:08:40,2017-08-05 23:59:59,ev_C,C,10,
20170805150850,2017-08-05 15:08:50,2017-08-05 23:59:59,ev_N,K,5,
20170805150900,2017-08-05 15:09:00,2017-08-05 23:59:59,ev_C,C,1,
20170805150910,2017-08-05 15:09:10,2017-08-05 23:59:59,ev_C,C,9,
20170805150920,2017-08-05 15:09:20,2017-08-05 23:59:59,ev_C,C,16,
20170805150930,2017-08-05 15:09:30,2017-08-05 23:59:59,ev_C,C,19,
20170805150940,2017-08-05 15:09:40,2017-08-05 23:59:59,ev_C,C,3,
20170805150950,2017-08-05 15:09:50,2017-08-05 23:59:59,ev_C,C,12,
20170805151000,2017-08-05 15:10:00,2017-08-05 23:59:59,ev_N,K,1,
20170805151010,2017-08-05 15:10:10,2017-08-05 23:59:59,ev_C,C,9,
20170805151020,2017-08-05 15:10:20,2017-08-05 23:59:59,ev_C,C,13,
20170805151030,2017-08-05 15:10:30,2017-08-05 23:59:59,ev_K,K,2,
20170805151040,2017-08-05 15:10:40,2017-08-05 23:59:59,ev_N,K,4,
20170805151050,2017-08-05 15:10:50,2017-08-05 23:59:59,ev_C,C,15,
20170805151100,2017-08-05 15:11:00,2017-08-05 23:59:59,ev_C,C,11,
20170805151110,2017-08-05 15:11:10,2017-08-05 23:59:59,ev_C,C,20,
20170805151120,2017-08-05 15:11:20,2017-08-05 23:59:59,ev_K,K,1,
20170805151130,2017-08-05 15:11:30,2017-08-05 23:59:59,ev_C,C,10,
20170805151140,2017-08-05 15:11:40,2017-08-05 23:59:59,ev_C,C,20,
20170805151150,2017-08-05 15:11:50,2017-08-05 23:59:59,ev_K,K,1,
20170805151200,2017-08-05 15:12:00,2017-08-05 23:59:59,ev_C,C,3,
20170805151210,2017-08-05 15:12:10,2017-08-05 23:59:59,ev_C,C,15,
20170805151220,2017-08-05 15:12:20,2017-08-05 23:59:59,ev_K,K,5,
20170805151230,2017-08-05 15:12:30,2017-08-05 23:59:59,ev_N,K,4,
20170805151240,2017-08-05 15:12:40,2017-08-05 23:59:59,ev_C,C,11,
20170805151250,2017-08-05 15:12:50,2017-08-05 23:59:59,ev_C,C,6,
20170805151300,2017-08-05 15:13:00,2017-08-05 23:59:59,ev_C,C,11,
20170805151310,2017-08-05 15:13:10,2017-08-05 23:59:59,ev_C,C,8,
20170805151320,2017-08-05 15:13:20,2017-08-05 23:59:59,ev_N,K,2,
20170805151330,2017-08-05 15:13:30,2017-08-05 23:59:59,ev_K,K,2,
20170805151340,2017-08-05 15:13:40,2017-08-05 23:59:59,ev_C,C,14,
20170805151350,2017-08-05 15:13:50,2017-08-05 23:59:59,ev_C,C,1,
20170805151400,2017-08-05 15:14:00,2017-08-05 23:59:59,ev_N,K,3,
20170805151410,2017-08-05 15:14:10,2017-08-05 23:59:59,ev_C,C,19,
20170805151420,2017-08-05 15:14:20,2017-08-05 23:59:59,ev_C,C,3,
20170805151430,2017-08-05 15:14:30,2017-08-05 23:59:59,ev_K,K,4,
20170805151440,2017-08-05 15:14:40,2017-08-05 23:59:59,ev_N,K,4,
20170805151450,2017-08-05 15:14:50,2017-08-05 23:59:59,ev_N,K,5,
20170805151500,2017-08-05 15:15:00,2017-08-05 23:59:59,ev_K,K,3,
20170805151510,2017-08-05 15:15:10,2017-08-05 23:59:59,ev_C,C,4,
20170805151520,2017-08-05 15:15:20,2017-08-05 23:59:59,ev_C,C,12,
20170805151530,2017-08-05 15:15:30,2017-08-05 23:59:59,ev_C,C,5,
20170805151540,2017-08-05 15:15:40,2017-08-05 23:59:59,ev_K,K,3,
20170805151550,2017-08-05 15:15:50,2017-08-05 23:59:59,ev_C,C,5,
20170805151600,2017-08-05 15:16:00,2017-08-05 23:59:59,ev_C,C,3,
20170805151610,2017-08-05 15:16:10,2017-08-05 23:59:59,ev_C,C,5,
20170805151620,2017-08-05 15:16:20,2017-08-05 23:59:59,ev_C,C,7,
20170805151630,2017-08-05 15:16:30,2017-08-05 23:59:59,ev_C,C,19,
20170805151640,2017-08-05 15:16:40,2017-08-05 23:59:59,ev_C,C,20,
20170805151650,2017-08-05 15:16:50,2017-08-05 23:59:59,ev_C,C,20,
20170805151700,2017-08-05 15:17:00,2017-08-05 23:59:59,ev_C,C,12,
20170805151710,2017-08-05 15:17:10,2017-08-05 23:59:59,ev_K,K,2,
20170805151720,2017-08-05 15:17:20,2017-08-05 23:59:59,ev_C,C,15,
20170805151730,2017-08-05 15:17:30,2017-08-05 23:59:59,ev_C,C,14,
20170805151740,2017-08-05 15:17:40,2017-08-05 23:59:59,ev_C,C,5,
20170805151750,2017-08-05 15:17:50,2017-08-05 23:59:59,ev_C,C,13,
20170805151800,2017-08-05 15:18:00,2017-08-05 23:59:59,ev_C,C,15,
20170805151810,2017-08-05 15:18:10,2017-08-05 23:59:59,ev_C,C,20,
20170805151820,2017-08-05 15:18:20,2017-08-05 23:59:59,ev_K,K,4,
20170805151830,2017-08-05 15:18:30,2017-08-05 23:59:59,ev_C,C,19,
20170805151840,2017-08-05 15:18:40,2017-08-05 23:59:59,ev_K,K,3,
20170805151850,2017-08-05 15:18:50,2017-08-05 23:59:59,ev_K,K,5,
20170805151900,2017-08-05 15:19:00,2017-08-05 23:59:59,ev_C,C,2,
20170805151910,2017-08-05 15:19:10,2017-08-05 23:59:59,ev_C,C,5,
20170805151920,2017-08-05 15:19:20,2017-08-05 23:59:59,ev_C,C,3,
20170805151930,2017-08-05 15:19:30,2017-08-05 23:59:59,ev_C,C,7,
20170805151940,2017-08-05 15:19:40,2017-08-05 23:59:59,ev_C,C,14,
20170805151950,2017-08-05 15:19:50,2017-08-05 23:59:59,ev_C,C,10,
20170805152000,2017-08-05 15:20:00,2017-08-05 23:59:59,ev_C,C,14,
20170805152010,2017-08-05 15:20:10,2017-08-05 23:59:59,ev_C,C,2,
20170805152020,2017-08-05 15:20:20,2017-08-05 23:59:59,ev_C,C,17,
20170805152030,2017-08-05 15:20:30,2017-08-05 23:59:59,ev_C,C,20,
20170805152040,2017-08-05 15:20:40,2017-08-05 23:59:59,ev_C,C,12,
20170805152050,2017-08-05 15:20:50,2017-08-05 23:59:59,ev_K,K,4,
20170805152100,2017-08-05 15:21:00,2017-08-05 23:59:59,ev_N,K,1,
20170805152110,2017-08-05 15:21:10,2017-08-05 23:59:59,ev_C,C,12,
20170805152120,2017-08-05 15:21:20,2017-08-05 23:59:59,ev_K,K,2,
20170805152130,2017-08-05 15:21:30,2017-08-05 23:59:59,ev_C,C,14,
20170805152140,2017-08-05 15:21:40,2017-08-05 23:59:59,ev_C,C,5,
20170805152150,2017-08-05 15:21:50,2017-08-05 23:59:59,ev_C,C,19,
20170805152200,2017-08-05 15:22:00,2017-08-05 23:59:59,ev_C,C,16,
20170805152210,2017-08-05 15:22:10,2017-08-05 23:59:59,ev_C,C,10,
20170805152220,2017-08-05 15:22:20,2017-08-05 23:59:59,ev_C,C,12,
20170805152230,2017-08-05 15:22:30,2017-08-05 23:59:59,ev_C,C,1,
20170805152240,2017-08-05 15:22:40,2017-08-05 23:59:59,ev_C,C,12,
20170805152250,2017-08-05 15:22:50,2017-08-05 23:59:59,ev_C,C,13,
20170805152300,2017-08-05 15:23:00,2017-08-05 23:59:59,ev_K,K,1,
20170805152310,2017-08-05 15:23:10,2017-08-05 23:59:59,ev_K,K,5,
20170805152320,2017-08-05 15:23:20,2017-08-05 23:59:59,ev_C,C,4,
20170805152330,2017-08-05 15:23:30,2017-08-05 23:59:59,ev_C,C,17,
20170805152340,2017-08-05 15:23:40,2017-08-05 23:59:59,ev_K,K,2,
20170805152350,2017-08-05 15:23:50,2017-08-05 23:59:59,ev_C,C,14,
20170805152400,2017-08-05 15:24:00,2017-08-05 23:59:59,ev_C,C,4,
20170805152410,2017-08-05 15:24:10,2017-08-05 23:59:59,ev_C,C,8,
20170805152420,2017-08-05 15:24:20,2017-08-05 23:59:59,ev_C,C,7,
20170805152430,2017-08-05 15:24:30,2017-08-05 23:59:59,ev_C,C,19,
20170805152440,2017-08-05 15:24:40,2017-08-05 23:59:59,ev_N,K,1,
20170805152450,2017-08-05 15:24:50,2017-08-05 23:59:59,ev_C,C,16,
20170805152500,2017-08-05 15:25:00,2017-08-05 23:59:59,ev_C,C,16,
20170805152510,2017-08-05 15:25:10,2017-08-05 23:59:59,ev_K,K,2,
20170805152520,2017-08-05 15:25:20,2017-08-05 23:59:59,ev_C,C,1,
20170805152530,2017-08-05 15:25:30,2017-08-05 23:59:59,ev_C,C,5,
20170805152540,2017-08-05 15:25:40,2017-08-05 23:59:59,ev_C,C,11,
20170805152550,2017-08-05 15:25:50,2017-08-05 23:59:59,ev_C,C,7,
20170805152600,2017-08-05 15:26:00,2017-08-05 23:59:59,ev_C,C,16,
20170805152610,2017-08-05 15:26:10,2017-08-05 23:59:59,ev_C,C,16,
20170805152620,2017-08-05 15:26:20,2017-08-05 23:59:59,ev_C,C,12,
20170805152630,2017-08-05 15:26:30,2017-08-05 23:59:59,ev_N,K,1,
20170805152640,2017-08-05 15:26:40,2017-08-05 23:59:59,ev_C,C,17,
20170805152650,2017-08-05 15:26:50,2017-08-05 23:59:59,ev_C,C,20,
20170805152700,2017-08-05 15:27:00,2017-08-05 23:59:59,ev_C,C,20,
20170805152710,2017-08-05 15:27:10,2017-08-05 23:59:59,ev_C,C,13,
20170805152720,2017-08-05 15:27:20,2017-08-05 23:59:59,ev_K,K,3,
20170805152730,2017-08-05 15:27:30,2017-08-05 23:59:59,ev_C,C,11,
20170805152740,2017-08-05 15:27:40,2017-08-05 23:59:59,ev_C,C,9,
20170805152750,2017-08-05 15:27:50,2017-08-05 23:59:59,ev_C,C,20,
20170805152800,2017-08-05 15:28:00,2017-08-05 23:59:59,ev_C,C,12,
20170805152810,2017-08-05 15:28:10,2017-08-05 23:59:59,ev_C,C,15,
20170805152820,2017-08-05 15:28:20,2017-08-05 23:59:59,ev_K,K,3,
20170805152830,2017-08-05 15:28:30,2017-08-05 23:59:59,ev_C,C,12,
20170805152840,2017-08-05 15:28:40,2017-08-05 23:59:59,ev_C,C,18,
20170805152850,2017-08-05 15:28:50,2017-08-05 23:59:59,ev_C,C,14,
20170805152900,2017-08-05 15:29:00,2017-08-05 23:59:59,ev_C,C,3,
20170805152910,2017-08-05 15:29:10,2017-08-05 23:59:59,ev_N,K,5,
20170805152920,2017-08-05 15:29:20,2017-08-05 23:59:59,ev_C,C,19,
20170805152930,2017-08-05 15:29:30,2017-08-05 23:59:59,ev_C,C,6,
20170805152940,2017-08-05 15:29:40,2017-08-05 23:59:59,ev_C,C,11,
20170805152950,2017-08-05 15:29:50,2017-08-05 23:59:59,ev_K,K,2,
20170805153000,2017-08-05 15:30:00,2017-08-05 23:59:59,ev_C,C,18,
20170805153010,2017-08-05 15:30:10,2017-08-05 23:59:59,ev_C,C,4,
20170805153020,2017-08-05 15:30:20,2017-08-05 23:59:59,ev_C,C,7,
20170805153030,2017-08-05 15:30:30,2017-08-05 23:59:59,ev_K,K,5,
20170805153040,2017-08-05 15:30:40,2017-08-05 23:59:59,ev_C,C,11,
20170805153050,2017-08-05 15:30:50,2017-08-05 23:59:59,ev_C,C,20,
20170805153100,2017-08-05 15:31:00,2017-08-05 23:59:59,ev_C,C,4,
20170805153110,2017-08-05 15:31:10,2017-08-05 23:59:59,ev_K,K,4,
20170805153120,2017-08-05 15:31:20,2017-08-05 23:59:59,ev_C,C,1,
20170805153130,2017-08-05 15:31:30,2017-08-05 23:59:59,ev_C,C,8,
20170805153140,2017-08-05 15:31:40,2017-08-05 23:59:59,ev_C,C,15,
20170805153150,2017-08-05 15:31:50,2017-08-05 23:59:59,ev_C,C,20,
20170805153200,2017-08-05 15:32:00,2017-08-05 23:59:59,ev_C,C,5,
20170805153210,2017-08-05 15:32:10,2017-08-05 23:59:59,ev_C,C,7,
20170805153220,2017-08-05 15:32:20,2017-08-05 23:59:59,ev_C,C,9,
20170805153230,2017-08-05 15:32:30,2017-08-05 23:59:59,ev_C,C,9,
20170805153240,2017-08-05 15:32:40,2017-08-05 23:59:59,ev_C,C,3,
20170805153250,2017-08-05 15:32:50,2017-08-05 23:59:59,ev_C,C,7,
20170805153300,2017-08-05 15:33:00,2017-08-05 23:59:59,ev_K,K,4,
20170805153310,2017-08-05 15:33:10,2017-08-05 23:59:59,ev_K,K,4,
20170805153320,2017-08-05 15:33:20,2017-08-05 23:59:59,ev_C,C,1,
20170805153330,2017-08-05 15:33:30,2017-08-05 23:59:59,ev_N,K,3,
20170805153340,2017-08-05 15:33:40,2017-08-05 23:59:59,ev_C,C,16,
20170805153350,2017-08-05 15:33:50,2017-08-05 23:59:59,ev_K,K,5,
20170805153400,2017-08-05 15:34:00,2017-08-05 23:59:59,ev_N,K,3,
20170805153410,2017-08-05 15:34:10,2017-08-05 23:59:59,ev_C,C,8,
20170805153420,2017-08-05 15:34:20,2017-08-05 23:59:59,ev_N,K,5,
20170805153430,2017-08-05 15:34:30,2017-08-05 23:59:59,ev_C,C,6,
20170805153440,2017-08-05 15:34:40,2017-08-05 23:59:59,ev_C,C,10,
20170805153450,2017-08-05 15:34:50,2017-08-05 23:59:59,ev_K,K,2,
20170805153500,2017-08-05 15:35:00,2017-08-05 23:59:59,ev_C,C,13,
20170805153510,2017-08-05 15:35:10,2017-08-05 23:59:59,ev_K,K,3,
20170805153520,2017-08-05 15:35:20,2017-08-05 23:59:59,ev_C,C,15,
20170805153530,2017-08-05 15:35:30,2017-08-05 23:59:59,ev_C,C,12,
20170805153540,2017-08-05 15:35:40,2017-08-05 23:59:59,ev_C,C,1,
20170805153550,2017-08-05 15:35:50,2017-08-05 23:59:59,ev_C,C,19,
20170805153600,2017-08-05 15:36:00,2017-08-05 23:59:59,ev_C,C,20,
20170805153610,2017-08-05 15:36:10,2017-08-05 23:59:59,ev_K,K,5,
20170805153620,2017-08-05 15:36:20,2017-08-05 23:59:59,ev_C,C,15,
20170805153630,2017-08-05 15:36:30,2017-08-05 23:59:59,ev_C,C,5,
20170805153640,2017-08-05 15:36:40,2017-08-05 23:59:59,ev_C,C,18,
20170805153650,2017-08-05 15:36:50,2017-08-05 23:59:59,ev_K,K,4,
20170805153700,2017-08-05 15:37:00,2017-08-05 23:59:59,ev_C,C,10,
20170805153710,2017-08-05 15:37:10,2017-08-05 23:59:59,ev_C,C,19,
20170805153720,2017-08-05 15:37:20,2017-08-05 23:59:59,ev_C,C,10,
20170805153730,2017-08-05 15:37:30,2017-08-05 23:59:59,ev_C,C,7,
20170805153740,2017-08-05 15:37:40,2017-08-05 23:59:59,ev_C,C,14,
20170805153750,2017-08-05 15:37:50,2017-08-05 23:59:59,ev_C,C,11,
20170805153800,2017-08-05 15:38:00,2017-08-05 23:59:59,ev_C,C,16,
20170805153810,2017-08-05 15:38:10,2017-08-05 23:59:59,ev_C,C,13,
20170805153820,2017-08-05 15:38:20,2017-08-05 23:59:59,ev_C,C,4,
20170805153830,2017-08-05 15:38:30,2017-08-05 23:59:59,ev_C,C,12,
20170805153840,2017-08-05 15:38:40,2017-08-05 23:59:59,ev_C,C,18,
20170805153850,2017-08-05 15:38:50,2017-08-05 23:59:59,ev_C,C,3,
20170805153900,2017-08-05 15:39:00,2017-08-05 23:59:59,ev_C,C,2,
20170805153910,2017-08-05 15:39:10,2017-08-05 23:59:59,ev_C,C,15,
20170805153920,2017-08-05 15:39:20,2017-08-05 23:59:59,ev_C,C,16,
20170805153930,2017-08-05 15:39:30,2017-08-05 23:59:59,ev_C,C,9,
20170805153940,2017-08-05 15:39:40,2017-08-05 23:59:59,ev_K,K,4,
20170805153950,2017-08-05 15:39:50,2017-08-05 23:59:59,ev_K,K,4,
20170805154000,2017-08-05 15:40:00,2017-08-05 23:59:59,ev_K,K,1,
20170805154010,2017-08-05 15:40:10,2017-08-05 23:59:59,ev_C,C,12,
20170805154020,2017-08-05 15:40:20,2017-08-05 23:59:59,ev_C,C,18,
20170805154030,2017-08-05 15:40:30,2017-08-05 23:59:59,ev_C,C,7,
20170805154040,2017-08-05 15:40:40,2017-08-05 23:59:59,ev_C,C,13,
20170805154050,2017-08-05 15:40:50,2017-08-05 23:59:59,ev_K,K,4,
20170805154100,2017-08-05 15:41:00,2017-08-05 23:59:59,ev_C,C,6,
20170805154110,2017-08-05 15:41:10,2017-08-05 23:59:59,ev_C,C,3,
20170805154120,2017-08-05 15:41:20,2017-08-05 23:59:59,ev_C,C,18,
20170805154130,2017-08-05 15:41:30,2017-08-05 23:59:59,ev_C,C,9,
20170805154140,2017-08-05 15:41:40,2017-08-05 23:59:59,ev_K,K,4,
20170805154150,2017-08-05 15:41:50,2017-08-05 23:59:59,ev_C,C,8,
20170805154200,2017-08-05 15:42:00,2017-08-05 23:59:59,ev_C,C,1,
20170805154210,2017-08-05 15:42:10,2017-08-05 23:59:59,ev_C,C,19,
20170805154220,2017-08-05 15:42:20,2017-08-05 23:59:59,ev_C,C,8,
20170805154230,2017-08-05 15:42:30,2017-08-05 23:59:59,ev_K,K,2,
20170805154240,2017-08-05 15:42:40,2017-08-05 23:59:59,ev_K,K,1,
20170805154250,2017-08-05 15:42:50,2017-08-05 23:59:59,ev_C,C,16,
20170805154300,2017-08-05 15:43:00,2017-08-05 23:59:59,ev_C,C,11,
20170805154310,2017-08-05 15:43:10,2017-08-05 23:59:59,ev_C,C,14,
20170805154320,2017-08-05 15:43:20,2017-08-05 23:59:59,ev_K,K,1,
20170805154330,2017-08-05 15:43:30,2017-08-05 23:59:59,ev_K,K,4,
20170805154340,2017-08-05 15:43:40,2017-08-05 23:59:59,ev_K,K,2,
20170805154350,2017-08-05 15:43:50,2017-08-05 23:59:59,ev_K,K,5,
20170805154400,2017-08-05 15:44:00,2017-08-05 23:59:59,ev_C,C,16,
20170805154410,2017-08-05 15:44:10,2017-08-05 23:59:59,ev_C,C,4,
20170805154420,2017-08-05 15:44:20,2017-08-05 23:59:59,ev_C,C,9,
20170805154430,2017-08-05 15:44:30,2017-08-05 23:59:59,ev_K,K,4,
20170805154440,2017-08-05 15:44:40,2017-08-05 23:59:59,ev_C,C,17,
20170805154450,2017-08-05 15:44:50,2017-08-05 23:59:59,ev_K,K,2,
20170805154500,2017-08-05 15:45:00,2017-08-05 23:59:59,ev_K,K,5,
20170805154510,2017-08-05 15:45:10,2017-08-05 23:59:59,ev_C,C,13,
20170805154520,2017-08-05 15:45:20,2017-08-05 23:59:59,ev_C,C,1,
20170805154530,2017-08-05 15:45:30,2017-08-05 23:59:59,ev_C,C,14,
20170805154540,2017-08-05 15:45:40,2017-08-05 23:59:59,ev_C,C,7,
20170805154550,2017-08-05 15:45:50,2017-08-05 23:59:59,ev_C,C,12,
20170805154600,2017-08-05 15:46:00,2017-08-05 23:59:59,ev_C,C,16,
20170805154610,2017-08-05 15:46:10,2017-08-05 23:59:59,ev_C,C,16,
20170805154620,2017-08-05 15:46:20,2017-08-05 23:59:59,ev_C,C,1,
20170805154630,2017-08-05 15:46:30,2017-08-05 23:59:59,ev_C,C,2,
20170805154640,2017-08-05 15:46:40,2017-08-05 23:59:59,ev_C,C,12,
20170805154650,2017-08-05 15:46:50,2017-08-05 23:59:59,ev_C,C,6,
20170805154700,2017-08-05 15:47:00,2017-08-05 23:59:59,ev_K,K,3,
20170805154710,2017-08-05 15:47:10,2017-08-05 23:59:59,ev_C,C,14,
20170805154720,2017-08-05 15:47:20,2017-08-05 23:59:59,ev_C,C,6,
20170805154730,2017-08-05 15:47:30,2017-08-05 23:59:59,ev_C,C,3,
20170805154740,2017-08-05 15:47:40,2017-08-05 23:59:59,ev_C,C,8,
20170805154750,2017-08-05 15:47:50,2017-08-05 23:59:59,ev_C,C,11,
20170805154800,2017-08-05 15:48:00,2017-08-05 23:59:59,ev_C,C,1,
20170805154810,2017-08-05 15:48:10,2017-08-05 23:59:59,ev_N,K,5,
20170805154820,2017-08-05 15:48:20,2017-08-05 23:59:59,ev_K,K,5,
20170805154830,2017-08-05 15:48:30,2017-08-05 23:59:59,ev_K,K,1,
20170805154840,2017-08-05 15:48:40,2017-08-05 23:59:59,ev_C,C,10,
20170805154850,2017-08-05 15:48:50,2017-08-05 23:59:59,ev_C,C,9,
20170805154900,2017-08-05 15:49:00,2017-08-05 23:59:59,ev_K,K,2,
20170805154910,2017-08-05 15:49:10,2017-08-05 23:59:59,ev_C,C,5,
20170805154920,2017-08-05 15:49:20,2017-08-05 23:59:59,ev_C,C,8,
20170805154930,2017-08-05 15:49:30,2017-08-05 23:59:59,ev_C,C,7,
20170805154940,2017-08-05 15:49:40,2017-08-05 23:59:59,ev_K,K,2,
20170805154950,2017-08-05 15:49:50,2017-08-05 23:59:59,ev_K,K,3,
20170805155000,2017-08-05 15:50:00,2017-08-05 23:59:59,ev_C,C,19,
20170805155010,2017-08-05 15:50:10,2017-08-05 23:59:59,ev_C,C,12,
20170805155020,2017-08-05 15:50:20,2017-08-05 23:59:59,ev_C,C,4,
20170805155030,2017-08-05 15:50:30,2017-08-05 23:59:59,ev_K,K,1,
20170805155040,2017-08-05 15:50:40,2017-08-05 23:59:59,ev_N,K,3,
20170805155050,2017-08-05 15:50:50,2017-08-05 23:59:59,ev_K,K,1,
20170805155100,2017-08-05 15:51:00,2017-08-05 23:59:59,ev_N,K,2,
20170805155110,2017-08-05 15:51:10,2017-08-05 23:59:59,ev_C,C,14,
20170805155120,2017-08-05 15:51:20,2017-08-05 23:59:59,ev_C,C,15,
20170805155130,2017-08-05 15:51:30,2017-08-05 23:59:59,ev_C,C,17,
20170805155140,2017-08-05 15:51:40,2017-08-05 23:59:59,ev_C,C,3,
20170805155150,2017-08-05 15:51:50,2017-08-05 23:59:59,ev_K,K,5,
20170805155200,2017-08-05 15:52:00,2017-08-05 23:59:59,ev_C,C,18,
20170805155210,2017-08-05 15:52:10,2017-08-05 23:59:59,ev_C,C,8,
20170805155220,2017-08-05 15:52:20,2017-08-05 23:59:59,ev_C,C,13,
20170805155230,2017-08-05 15:52:30,2017-08-05 23:59:59,ev_C,C,13,
20170805155240,2017-08-05 15:52:40,2017-08-05 23:59:59,ev_C,C,13,
20170805155250,2017-08-05 15:52:50,2017-08-05 23:59:59,ev_C,C,18,
20170805155300,2017-08-05 15:53:00,2017-08-05 23:59:59,ev_C,C,17,
20170805155310,2017-08-05 15:53:10,2017-08-05 23:59:59,ev_C,C,17,
20170805155320,2017-08-05 15:53:20,2017-08-05 23:59:59,ev_C,C,16,
20170805155330,2017-08-05 15:53:30,2017-08-05 23:59:59,ev_C,C,13,
20170805155340,2017-08-05 15:53:40,2017-08-05 23:59:59,ev_K,K,1,
20170805155350,2017-08-05 15:53:50,2017-08-05 23:59:59,ev_C,C,18,
20170805155400,2017-08-05 15:54:00,2017-08-05 23:59:59,ev_C,C,16,
20170805155410,2017-08-05 15:54:10,2017-08-05 23:59:59,ev_K,K,5,
20170805155420,2017-08-05 15:54:20,2017-08-05 23:59:59,ev_C,C,17,
20170805155430,2017-08-05 15:54:30,2017-08-05 23:59:59,ev_K,K,4,
20170805155440,2017-08-05 15:54:40,2017-08-05 23:59:59,ev_K,K,3,
20170805155450,2017-08-05 15:54:50,2017-08-05 23:59:59,ev_C,C,5,
20170805155500,2017-08-05 15:55:00,2017-08-05 23:59:59,ev_C,C,11,
20170805155510,2017-08-05 15:55:10,2017-08-05 23:59:59,ev_K,K,1,
20170805155520,2017-08-05 15:55:20,2017-08-05 23:59:59,ev_C,C,1,
20170805155530,2017-08-05 15:55:30,2017-08-05 23:59:59,ev_K,K,1,
20170805155540,2017-08-05 15:55:40,2017-08-05 23:59:59,ev_C,C,16,
20170805155550,2017-08-05 15:55:50,2017-08-05 23:59:59,ev_C,C,14,
20170805155600,2017-08-05 15:56:00,2017-08-05 23:59:59,ev_K,K,4,
20170805155610,2017-08-05 15:56:10,2017-08-05 23:59:59,ev_C,C,17,
20170805155620,2017-08-05 15:56:20,2017-08-05 23:59:59,ev_C,C,14,
20170805155630,2017-08-05 15:56:30,2017-08-05 23:59:59,ev_C,C,10,
20170805155640,2017-08-05 15:56:40,2017-08-05 23:59:59,ev_K,K,3,
20170805155650,2017-08-05 15:56:50,2017-08-05 23:59:59,ev_C,C,9,
20170805155700,2017-08-05 15:57:00,2017-08-05 23:59:59,ev_C,C,13,
20170805155710,2017-08-05 15:57:10,2017-08-05 23:59:59,ev_C,C,14,
20170805155720,2017-08-05 15:57:20,2017-08-05 23:59:59,ev_C,C,19,
20170805155730,2017-08-05 15:57:30,2017-08-05 23:59:59,ev_C,C,4,
20170805155740,2017-08-05 15:57:40,2017-08-05 23:59:59,ev_C,C,3,
20170805155750,2017-08-05 15:57:50,2017-08-05 23:59:59,ev_C,C,11,
20170805155800,2017-08-05 15:58:00,2017-08-05 23:59:59,ev_K,K,2,
20170805155810,2017-08-05 15:58:10,2017-08-05 23:59:59,ev_C,C,14,
20170805155820,2017-08-05 15:58:20,2017-08-05 23:59:59,ev_C,C,14,
20170805155830,2017-08-05 15:58:30,2017-08-05 23:59:59,ev_C,C,17,
20170805155840,2017-08-05 15:58:40,2017-08-05 23:59:59,ev_C,C,4,
20170805155850,2017-08-05 15:58:50,2017-08-05 23:59:59,ev_C,C,1,
20170805155900,2017-08-05 15:59:00,2017-08-05 23:59:59,ev_C,C,19,
20170805155910,2017-08-05 15:59:10,2017-08-05 23:59:59,ev_C,C,17,
20170805155920,2017-08-05 15:59:20,2017-08-05 23:59:59,ev_C,C,14,
20170805155930,2017-08-05 15:59:30,2017-08-05 23:59:59,ev_K,K,2,
20170805155940,2017-08-05 15:59:40,2017-08-05 23:59:59,ev_C,C,5,
20170805155950,2017-08-05 15:59:50,2017-08-05 23:59:59,ev_K,K,1,
20170805160000,2017-08-05 16:00:00,2017-08-05 23:59:59,ev_C,C,9,
20170805160010,2017-08-05 16:00:10,2017-08-05 23:59:59,ev_C,C,9,
20170805160020,2017-08-05 16:00:20,2017-08-05 23:59:59,ev_C,C,13,
20170805160030,2017-08-05 16:00:30,2017-08-05 23:59:59,ev_C,C,12,
20170805160040,2017-08-05 16:00:40,2017-08-05 23:59:59,ev_C,C,8,
20170805160050,2017-08-05 16:00:50,2017-08-05 23:59:59,ev_C,C,4,
20170805160100,2017-08-05 16:01:00,2017-08-05 23:59:59,ev_C,C,2,
20170805160110,2017-08-05 16:01:10,2017-08-05 23:59:59,ev_C,C,7,
20170805160120,2017-08-05 16:01:20,2017-08-05 23:59:59,ev_K,K,5,
20170805160130,2017-08-05 16:01:30,2017-08-05 23:59:59,ev_K,K,3,
20170805160140,2017-08-05 16:01:40,2017-08-05 23:59:59,ev_C,C,14,
20170805160150,2017-08-05 16:01:50,2017-08-05 23:59:59,ev_C,C,19,
20170805160200,2017-08-05 16:02:00,2017-08-05 23:59:59,ev_C,C,8,
20170805160210,2017-08-05 16:02:10,2017-08-05 23:59:59,ev_C,C,4,
20170805160220,2017-08-05 16:02:20,2017-08-05 23:59:59,ev_C,C,8,
20170805160230,2017-08-05 16:02:30,2017-08-05 23:59:59,ev_C,C,9,
20170805160240,2017-08-05 16:02:40,2017-08-05 23:59:59,ev_N,K,4,
20170805160250,2017-08-05 16:02:50,2017-08-05 23:59:59,ev_K,K,4,
20170805160300,2017-08-05 16:03:00,2017-08-05 23:59:59,ev_K,K,5,
20170805160310,2017-08-05 16:03:10,2017-08-05 23:59:59,ev_C,C,3,
20170805160320,2017-08-05 16:03:20,2017-08-05 23:59:59,ev_C,C,4,
20170805160330,2017-08-05 16:03:30,2017-08-05 23:59:59,ev_K,K,5,
20170805160340,2017-08-05 16:03:40,2017-08-05 23:59:59,ev_C,C,11,
20170805160350,2017-08-05 16:03:50,2017-08-05 23:59:59,ev_C,C,18,
20170805160400,2017-08-05 16:04:00,2017-08-05 23:59:59,ev_C,C,2,
20170805160410,2017-08-05 16:04:10,2017-08-05 23:59:59,ev_C,C,13,
20170805160420,2017-08-05 16:04:20,2017-08-05 23:59:59,ev_C,C,2,
20170805160430,2017-08-05 16:04:30,2017-08-05 23:59:59,ev_C,C,9,
20170805160440,2017-08-05 16:04:40,2017-08-05 23:59:59,ev_C,C,4,
20170805160450,2017-08-05 16:04:50,2017-08-05 23:59:59,ev_C,C,19,
20170805160500,2017-08-05 16:05:00,2017-08-05 23:59:59,ev_K,K,5,
20170805160510,2017-08-05 16:05:10,2017-08-05 23:59:59,ev_C,C,1,
20170805160520,2017-08-05 16:05:20,2017-08-05 23:59:59,ev_C,C,8,
20170805160530,2017-08-05 16:05:30,2017-08-05 23:59:59,ev_N,K,2,
20170805160540,2017-08-05 16:05:40,2017-08-05 23:59:59,ev_C,C,8,
20170805160550,2017-08-05 16:05:50,2017-08-05 23:59:59,ev_C,C,4,
20170805160600,2017-08-05 16:06:00,2017-08-05 23:59:59,ev_C,C,2,
20170805160610,2017-08-05 16:06:10,2017-08-05 23:59:59,ev_C,C,10,
20170805160620,2017-08-05 16:06:20,2017-08-05 23:59:59,ev_C,C,11,
20170805160630,2017-08-05 16:06:30,2017-08-05 23:59:59,ev_C,C,16,
20170805160640,2017-08-05 16:06:40,2017-08-05 23:59:59,ev_K,K,5,
20170805160650,2017-08-05 16:06:50,2017-08-05 23:59:59,ev_C,C,10,
20170805160700,2017-08-05 16:07:00,2017-08-05 23:59:59,ev_C,C,11,
20170805160710,2017-08-05 16:07:10,2017-08-05 23:59:59,ev_C,C,12,
20170805160720,2017-08-05 16:07:20,2017-08-05 23:59:59,ev_C,C,7,
20170805160730,2017-08-05 16:07:30,2017-08-05 23:59:59,ev_C,C,9,
20170805160740,2017-08-05 16:07:40,2017-08-05 23:59:59,ev_K,K,1,
20170805160750,2017-08-05 16:07:50,2017-08-05 23:59:59,ev_C,C,18,
20170805160800,2017-08-05 16:08:00,2017-08-05 23:59:59,ev_C,C,15,
20170805160810,2017-08-05 16:08:10,2017-08-05 23:59:59,ev_C,C,1,
20170805160820,2017-08-05 16:08:20,2017-08-05 23:59:59,ev_C,C,6,
20170805160830,2017-08-05 16:08:30,2017-08-05 23:59:59,ev_C,C,19,
20170805160840,2017-08-05 16:08:40,2017-08-05 23:59:59,ev_C,C,10,
20170805160850,2017-08-05 16:08:50,2017-08-05 23:59:59,ev_C,C,17,
20170805160900,2017-08-05 16:09:00,2017-08-05 23:59:59,ev_C,C,2,
20170805160910,2017-08-05 16:09:10,2017-08-05 23:59:59,ev_C,C,15,
20170805160920,2017-08-05 16:09:20,2017-08-05 23:59:59,ev_C,C,4,
20170805160930,2017-08-05 16:09:30,2017-08-05 23:59:59,ev_C,C,19,
20170805160940,2017-08-05 16:09:40,2017-08-05 23:59:59,ev_C,C,15,
20170805160950,2017-08-05 16:09:50,2017-08-05 23:59:59,ev_N,K,5,
20170805161000,2017-08-05 16:10:00,2017-08-05 23:59:59,ev_C,C,20,
20170805161010,2017-08-05 16:10:10,2017-08-05 23:59:59,ev_C,C,6,
20170805161020,2017-08-05 16:10:20,2017-08-05 23:59:59,ev_N,K,2,
20170805161030,2017-08-05 16:10:30,2017-08-05 23:59:59,ev_K,K,2,
20170805161040,2017-08-05 16:10:40,2017-08-05 23:59:59,ev_C,C,2,
20170805161050,2017-08-05 16:10:50,2017-08-05 23:59:59,ev_K,K,2,
20170805161100,2017-08-05 16:11:00,2017-08-05 23:59:59,ev_K,K,2,
20170805161110,2017-08-05 16:11:10,2017-08-05 23:59:59,ev_K,K,3,
20170805161120,2017-08-05 16:11:20,2017-08-05 23:59:59,ev_C,C,3,
20170805161130,2017-08-05 16:11:30,2017-08-05 23:59:59,ev_K,K,5,
20170805161140,2017-08-05 16:11:40,2017-08-05 23:59:59,ev_N,K,4,
20170805161150,2017-08-05 16:11:50,2017-08-05 23:59:59,ev_K,K,5,
20170805161200,2017-08-05 16:12:00,2017-08-05 23:59:59,ev_C,C,10,
20170805161210,2017-08-05 16:12:10,2017-08-05 23:59:59,ev_C,C,9,
20170805161220,2017-08-05 16:12:20,2017-08-05 23:59:59,ev_C,C,1,
20170805161230,2017-08-05 16:12:30,2017-08-05 23:59:59,ev_C,C,2,
20170805161240,2017-08-05 16:12:40,2017-08-05 23:59:59,ev_C,C,9,
20170805161250,2017-08-05 16:12:50,2017-08-05 23:59:59,ev_C,C,2,
20170805161300,2017-08-05 16:13:00,2017-08-05 23:59:59,ev_C,C,12,
20170805161310,2017-08-05 16:13:10,2017-08-05 23:59:59,ev_C,C,15,
20170805161320,2017-08-05 16:13:20,2017-08-05 23:59:59,ev_K,K,1,
20170805161330,2017-08-05 16:13:30,2017-08-05 23:59:59,ev_C,C,19,
20170805161340,2017-08-05 16:13:40,2017-08-05 23:59:59,ev_C,C,4,
20170805161350,2017-08-05 16:13:50,2017-08-05 23:59:59,ev_C,C,1,
20170805161400,2017-08-05 16:14:00,2017-08-05 23:59:59,ev_C,C,10,
20170805161410,2017-08-05 16:14:10,2017-08-05 23:59:59,ev_C,C,5,
20170805161420,2017-08-05 16:14:20,2017-08-05 23:59:59,ev_C,C,18,
20170805161430,2017-08-05 16:14:30,2017-08-05 23:59:59,ev_K,K,5,
20170805161440,2017-08-05 16:14:40,2017-08-05 23:59:59,ev_C,C,10,
20170805161450,2017-08-05 16:14:50,2017-08-05 23:59:59,ev_K,K,2,
20170805161500,2017-08-05 16:15:00,2017-08-05 23:59:59,ev_C,C,3,
20170805161510,2017-08-05 16:15:10,2017-08-05 23:59:59,ev_C,C,13,
20170805161520,2017-08-05 16:15:20,2017-08-05 23:59:59,ev_C,C,15,
20170805161530,2017-08-05 16:15:30,2017-08-05 23:59:59,ev_C,C,12,
20170805161540,2017-08-05 16:15:40,2017-08-05 23:59:59,ev_C,C,1,
20170805161550,2017-08-05 16:15:50,2017-08-05 23:59:59,ev_C,C,12,
20170805161600,2017-08-05 16:16:00,2017-08-05 23:59:59,ev_C,C,12,
20170805161610,2017-08-05 16:16:10,2017-08-05 23:59:59,ev_C,C,19,
20170805161620,2017-08-05 16:16:20,2017-08-05 23:59:59,ev_C,C,4,
20170805161630,2017-08-05 16:16:30,2017-08-05 23:59:59,ev_K,K,3,
20170805161640,2017-08-05 16:16:40,2017-08-05 23:59:59,ev_C,C,1,
20170805161650,2017-08-05 16:16:50,2017-08-05 23:59:59,ev_C,C,6,
20170805161700,2017-08-05 16:17:00,2017-08-05 23:59:59,ev_N,K,5,
20170805161710,2017-08-05 16:17:10,2017-08-05 23:59:59,ev_C,C,6,
20170805161720,2017-08-05 16:17:20,2017-08-05 23:59:59,ev_C,C,17,
20170805161730,2017-08-05 16:17:30,2017-08-05 23:59:59,ev_C,C,17,
20170805161740,2017-08-05 16:17:40,2017-08-05 23:59:59,ev_C,C,1,
20170805161750,2017-08-05 16:17:50,2017-08-05 23:59:59,ev_K,K,2,
20170805161800,2017-08-05 16:18:00,2017-08-05 23:59:59,ev_C,C,12,
20170805161810,2017-08-05 16:18:10,2017-08-05 23:59:59,ev_K,K,5,
20170805161820,2017-08-05 16:18:20,2017-08-05 23:59:59,ev_C,C,1,
20170805161830,2017-08-05 16:18:30,2017-08-05 23:59:59,ev_C,C,5,
20170805161840,2017-08-05 16:18:40,2017-08-05 23:59:59,ev_K,K,5,
20170805161850,2017-08-05 16:18:50,2017-08-05 23:59:59,ev_C,C,7,
20170805161900,2017-08-05 16:19:00,2017-08-05 23:59:59,ev_C,C,10,
20170805161910,2017-08-05 16:19:10,2017-08-05 23:59:59,ev_C,C,19,
20170805161920,2017-08-05 16:19:20,2017-08-05 23:59:59,ev_C,C,19,
20170805161930,2017-08-05 16:19:30,2017-08-05 23:59:59,ev_C,C,18,
20170805161940,2017-08-05 16:19:40,2017-08-05 23:59:59,ev_C,C,6,
20170805161950,2017-08-05 16:19:50,2017-08-05 23:59:59,ev_C,C,5,
20170805162000,2017-08-05 16:20:00,2017-08-05 23:59:59,ev_C,C,14,
20170805162010,2017-08-05 16:20:10,2017-08-05 23:59:59,ev_C,C,8,
20170805162020,2017-08-05 16:20:20,2017-08-05 23:59:59,ev_C,C,2,
20170805162030,2017-08-05 16:20:30,2017-08-05 23:59:59,ev_C,C,6,
20170805162040,2017-08-05 16:20:40,2017-08-05 23:59:59,ev_C,C,6,
20170805162050,2017-08-05 16:20:50,2017-08-05 23:59:59,ev_C,C,3,
20170805162100,2017-08-05 16:21:00,2017-08-05 23:59:59,ev_C,C,4,
20170805162110,2017-08-05 16:21:10,2017-08-05 23:59:59,ev_C,C,11,
20170805162120,2017-08-05 16:21:20,2017-08-05 23:59:59,ev_C,C,18,
20170805162130,2017-08-05 16:21:30,2017-08-05 23:59:59,ev_C,C,12,
20170805162140,2017-08-05 16:21:40,2017-08-05 23:59:59,ev_C,C,1,
20170805162150,2017-08-05 16:21:50,2017-08-05 23:59:59,ev_K,K,2,
20170805162200,2017-08-05 16:22:00,2017-08-05 23:59:59,ev_C,C,11,
20170805162210,2017-08-05 16:22:10,2017-08-05 23:59:59,ev_C,C,13,
20170805162220,2017-08-05 16:22:20,2017-08-05 23:59:59,ev_C,C,11,
20170805162230,2017-08-05 16:22:30,2017-08-05 23:59:59,ev_C,C,12,
20170805162240,2017-08-05 16:22:40,2017-08-05 23:59:59,ev_C,C,20,
20170805162250,2017-08-05 16:22:50,2017-08-05 23:59:59,ev_K,K,4,
20170805162300,2017-08-05 16:23:00,2017-08-05 23:59:59,ev_C,C,9,
20170805162310,2017-08-05 16:23:10,2017-08-05 23:59:59,ev_K,K,4,
20170805162320,2017-08-05 16:23:20,2017-08-05 23:59:59,ev_C,C,7,
20170805162330,2017-08-05 16:23:30,2017-08-05 23:59:59,ev_C,C,13,
20170805162340,2017-08-05 16:23:40,2017-08-05 23:59:59,ev_C,C,1,
20170805162350,2017-08-05 16:23:50,2017-08-05 23:59:59,ev_C,C,15,
20170805162400,2017-08-05 16:24:00,2017-08-05 23:59:59,ev_C,C,4,
20170805162410,2017-08-05 16:24:10,2017-08-05 23:59:59,ev_C,C,15,
20170805162420,2017-08-05 16:24:20,2017-08-05 23:59:59,ev_K,K,2,
20170805162430,2017-08-05 16:24:30,2017-08-05 23:59:59,ev_C,C,20,
20170805162440,2017-08-05 16:24:40,2017-08-05 23:59:59,ev_C,C,8,
20170805162450,2017-08-05 16:24:50,2017-08-05 23:59:59,ev_C,C,6,
20170805162500,2017-08-05 16:25:00,2017-08-05 23:59:59,ev_C,C,6,
20170805162510,2017-08-05 16:25:10,2017-08-05 23:59:59,ev_C,C,20,
20170805162520,2017-08-05 16:25:20,2017-08-05 23:59:59,ev_C,C,1,
20170805162530,2017-08-05 16:25:30,2017-08-05 23:59:59,ev_K,K,5,
20170805162540,2017-08-05 16:25:40,2017-08-05 23:59:59,ev_C,C,9,
20170805162550,2017-08-05 16:25:50,2017-08-05 23:59:59,ev_C,C,6,
20170805162600,2017-08-05 16:26:00,2017-08-05 23:59:59,ev_C,C,2,
20170805162610,2017-08-05 16:26:10,2017-08-05 23:59:59,ev_C,C,5,
20170805162620,2017-08-05 16:26:20,2017-08-05 23:59:59,ev_C,C,13,
20170805162630,2017-08-05 16:26:30,2017-08-05 23:59:59,ev_C,C,7,
20170805162640,2017-08-05 16:26:40,2017-08-05 23:59:59,ev_C,C,12,
20170805162650,2017-08-05 16:26:50,2017-08-05 23:59:59,ev_C,C,16,
20170805162700,2017-08-05 16:27:00,2017-08-05 23:59:59,ev_C,C,20,
20170805162710,2017-08-05 16:27:10,2017-08-05 23:59:59,ev_C,C,5,
20170805162720,2017-08-05 16:27:20,2017-08-05 23:59:59,ev_C,C,17,
20170805162730,2017-08-05 16:27:30,2017-08-05 23:59:59,ev_N,K,3,
20170805162740,2017-08-05 16:27:40,2017-08-05 23:59:59,ev_C,C,16,
20170805162750,2017-08-05 16:27:50,2017-08-05 23:59:59,ev_K,K,4,
20170805162800,2017-08-05 16:28:00,2017-08-05 23:59:59,ev_C,C,7,
20170805162810,2017-08-05 16:28:10,2017-08-05 23:59:59,ev_C,C,11,
20170805162820,2017-08-05 16:28:20,2017-08-05 23:59:59,ev_C,C,4,
20170805162830,2017-08-05 16:28:30,2017-08-05 23:59:59,ev_N,K,4,
20170805162840,2017-08-05 16:28:40,2017-08-05 23:59:59,ev_C,C,4,
20170805162850,2017-08-05 16:28:50,2017-08-05 23:59:59,ev_K,K,3,
20170805162900,2017-08-05 16:29:00,2017-08-05 23:59:59,ev_C,C,3,
20170805162910,2017-08-05 16:29:10,2017-08-05 23:59:59,ev_C,C,16,
20170805162920,2017-08-05 16:29:20,2017-08-05 23:59:59,ev_C,C,8,
20170805162930,2017-08-05 16:29:30,2017-08-05 23:59:59,ev_C,C,7,
20170805162940,2017-08-05 16:29:40,2017-08-05 23:59:59,ev_N,K,5,
20170805162950,2017-08-05 16:29:50,2017-08-05 23:59:59,ev_K,K,1,
20170805163000,2017-08-05 16:30:00,2017-08-05 23:59:59,ev_C,C,2,
20170805163010,2017-08-05 16:30:10,2017-08-05 23:59:59,ev_C,C,1,
20170805163020,2017-08-05 16:30:20,2017-08-05 23:59:59,ev_C,C,4,
20170805163030,2017-08-05 16:30:30,2017-08-05 23:59:59,ev_C,C,4,
20170805163040,2017-08-05 16:30:40,2017-08-05 23:59:59,ev_C,C,8,
20170805163050,2017-08-05 16:30:50,2017-08-05 23:59:59,ev_C,C,7,
20170805163100,2017-08-05 16:31:00,2017-08-05 23:59:59,ev_C,C,20,
20170805163110,2017-08-05 16:31:10,2017-08-05 23:59:59,ev_C,C,1,
20170805163120,2017-08-05 16:31:20,2017-08-05 23:59:59,ev_C,C,14,
20170805163130,2017-08-05 16:31:30,2017-08-05 23:59:59,ev_C,C,5,
20170805163140,2017-08-05 16:31:40,2017-08-05 23:59:59,ev_C,C,10,
20170805163150,2017-08-05 16:31:50,2017-08-05 23:59:59,ev_K,K,2,
20170805163200,2017-08-05 16:32:00,2017-08-05 23:59:59,ev_K,K,3,
20170805163210,2017-08-05 16:32:10,2017-08-05 23:59:59,ev_C,C,6,
20170805163220,2017-08-05 16:32:20,2017-08-05 23:59:59,ev_K,K,2,
20170805163230,2017-08-05 16:32:30,2017-08-05 23:59:59,ev_C,C,12,
20170805163240,2017-08-05 16:32:40,2017-08-05 23:59:59,ev_C,C,17,
20170805163250,2017-08-05 16:32:50,2017-08-05 23:59:59,ev_C,C,20,
20170805163300,2017-08-05 16:33:00,2017-08-05 23:59:59,ev_C,C,13,
20170805163310,2017-08-05 16:33:10,2017-08-05 23:59:59,ev_C,C,3,
20170805163320,2017-08-05 16:33:20,2017-08-05 23:59:59,ev_N,K,1,
20170805163330,2017-08-05 16:33:30,2017-08-05 23:59:59,ev_C,C,15,
20170805163340,2017-08-05 16:33:40,2017-08-05 23:59:59,ev_C,C,2,
20170805163350,2017-08-05 16:33:50,2017-08-05 23:59:59,ev_N,K,5,
20170805163400,2017-08-05 16:34:00,2017-08-05 23:59:59,ev_C,C,4,
20170805163410,2017-08-05 16:34:10,2017-08-05 23:59:59,ev_C,C,10,
20170805163420,2017-08-05 16:34:20,2017-08-05 23:59:59,ev_C,C,5,
20170805163430,2017-08-05 16:34:30,2017-08-05 23:59:59,ev_K,K,3,
20170805163440,2017-08-05 16:34:40,2017-08-05 23:59:59,ev_C,C,20,
20170805163450,2017-08-05 16:34:50,2017-08-05 23:59:59,ev_C,C,7,
20170805163500,2017-08-05 16:35:00,2017-08-05 23:59:59,ev_C,C,13,
20170805163510,2017-08-05 16:35:10,2017-08-05 23:59:59,ev_K,K,2,
20170805163520,2017-08-05 16:35:20,2017-08-05 23:59:59,ev_C,C,20,
20170805163530,2017-08-05 16:35:30,2017-08-05 23:59:59,ev_C,C,19,
20170805163540,2017-08-05 16:35:40,2017-08-05 23:59:59,ev_C,C,19,
20170805163550,2017-08-05 16:35:50,2017-08-05 23:59:59,ev_C,C,19,
20170805163600,2017-08-05 16:36:00,2017-08-05 23:59:59,ev_C,C,16,
20170805163610,2017-08-05 16:36:10,2017-08-05 23:59:59,ev_C,C,16,
20170805163620,2017-08-05 16:36:20,2017-08-05 23:59:59,ev_C,C,13,
20170805163630,2017-08-05 16:36:30,2017-08-05 23:59:59,ev_K,K,3,
20170805163640,2017-08-05 16:36:40,2017-08-05 23:59:59,ev_C,C,14,
20170805163650,2017-08-05 16:36:50,2017-08-05 23:59:59,ev_K,K,2,
20170805163700,2017-08-05 16:37:00,2017-08-05 23:59:59,ev_C,C,20,
20170805163710,2017-08-05 16:37:10,2017-08-05 23:59:59,ev_K,K,4,
20170805163720,2017-08-05 16:37:20,2017-08-05 23:59:59,ev_C,C,6,
20170805163730,2017-08-05 16:37:30,2017-08-05 23:59:59,ev_K,K,4,
20170805163740,2017-08-05 16:37:40,2017-08-05 23:59:59,ev_C,C,19,
20170805163750,2017-08-05 16:37:50,2017-08-05 23:59:59,ev_K,K,5,
20170805163800,2017-08-05 16:38:00,2017-08-05 23:59:59,ev_C,C,16,
20170805163810,2017-08-05 16:38:10,2017-08-05 23:59:59,ev_C,C,3,
20170805163820,2017-08-05 16:38:20,2017-08-05 23:59:59,ev_C,C,16,
20170805163830,2017-08-05 16:38:30,2017-08-05 23:59:59,ev_C,C,13,
20170805163840,2017-08-05 16:38:40,2017-08-05 23:59:59,ev_C,C,13,
20170805163850,2017-08-05 16:38:50,2017-08-05 23:59:59,ev_C,C,12,
20170805163900,2017-08-05 16:39:00,2017-08-05 23:59:59,ev_C,C,6,
20170805163910,2017-08-05 16:39:10,2017-08-05 23:59:59,ev_N,K,5,
20170805163920,2017-08-05 16:39:20,2017-08-05 23:59:59,ev_C,C,20,
20170805163930,2017-08-05 16:39:30,2017-08-05 23:59:59,ev_C,C,4,
20170805163940,2017-08-05 16:39:40,2017-08-05 23:59:59,ev_C,C,14,
20170805163950,2017-08-05 16:39:50,2017-08-05 23:59:59,ev_C,C,7,
20170805164000,2017-08-05 16:40:00,2017-08-05 23:59:59,ev_K,K,5,
20170805164010,2017-08-05 16:40:10,2017-08-05 23:59:59,ev_C,C,14,
20170805164020,2017-08-05 16:40:20,2017-08-05 23:59:59,ev_K,K,3,
20170805164030,2017-08-05 16:40:30,2017-08-05 23:59:59,ev_C,C,5,
20170805164040,2017-08-05 16:40:40,2017-08-05 23:59:59,ev_C,C,3,
20170805164050,2017-08-05 16:40:50,2017-08-05 23:59:59,ev_C,C,3,
20170805164100,2017-08-05 16:41:00,2017-08-05 23:59:59,ev_C,C,15,
20170805164110,2017-08-05 16:41:10,2017-08-05 23:59:59,ev_N,K,1,
20170805164120,2017-08-05 16:41:20,2017-08-05 23:59:59,ev_C,C,14,
20170805164130,2017-08-05 16:41:30,2017-08-05 23:59:59,ev_C,C,4,
20170805164140,2017-08-05 16:41:40,2017-08-05 23:59:59,ev_C,C,20,
20170805164150,2017-08-05 16:41:50,2017-08-05 23:59:59,ev_C,C,16,
20170805164200,2017-08-05 16:42:00,2017-08-05 23:59:59,ev_C,C,6,
20170805164210,2017-08-05 16:42:10,2017-08-05 23:59:59,ev_K,K,5,
20170805164220,2017-08-05 16:42:20,2017-08-05 23:59:59,ev_K,K,5,
20170805164230,2017-08-05 16:42:30,2017-08-05 23:59:59,ev_C,C,1,
20170805164240,2017-08-05 16:42:40,2017-08-05 23:59:59,ev_C,C,12,
20170805164250,2017-08-05 16:42:50,2017-08-05 23:59:59,ev_C,C,7,
20170805164300,2017-08-05 16:43:00,2017-08-05 23:59:59,ev_C,C,3,
20170805164310,2017-08-05 16:43:10,2017-08-05 23:59:59,ev_C,C,13,
20170805164320,2017-08-05 16:43:20,2017-08-05 23:59:59,ev_C,C,6,
20170805164330,2017-08-05 16:43:30,2017-08-05 23:59:59,ev_C,C,7,
20170805164340,2017-08-05 16:43:40,2017-08-05 23:59:59,ev_K,K,2,
20170805164350,2017-08-05 16:43:50,2017-08-05 23:59:59,ev_C,C,17,
20170805164400,2017-08-05 16:44:00,2017-08-05 23:59:59,ev_C,C,8,
20170805164410,2017-08-05 16:44:10,2017-08-05 23:59:59,ev_K,K,4,
20170805164420,2017-08-05 16:44:20,2017-08-05 23:59:59,ev_C,C,15,
20170805164430,2017-08-05 16:44:30,2017-08-05 23:59:59,ev_K,K,4,
20170805164440,2017-08-05 16:44:40,2017-08-05 23:59:59,ev_K,K,2,
20170805164450,2017-08-05 16:44:50,2017-08-05 23:59:59,ev_C,C,12,
20170805164500,2017-08-05 16:45:00,2017-08-05 23:59:59,ev_C,C,3,
20170805164510,2017-08-05 16:45:10,2017-08-05 23:59:59,ev_K,K,4,
20170805164520,2017-08-05 16:45:20,2017-08-05 23:59:59,ev_C,C,19,
20170805164530,2017-08-05 16:45:30,2017-08-05 23:59:59,ev_C,C,18,
20170805164540,2017-08-05 16:45:40,2017-08-05 23:59:59,ev_C,C,17,
20170805164550,2017-08-05 16:45:50,2017-08-05 23:59:59,ev_C,C,12,
20170805164600,2017-08-05 16:46:00,2017-08-05 23:59:59,ev_K,K,4,
20170805164610,2017-08-05 16:46:10,2017-08-05 23:59:59,ev_C,C,5,
20170805164620,2017-08-05 16:46:20,2017-08-05 23:59:59,ev_C,C,9,
20170805164630,2017-08-05 16:46:30,2017-08-05 23:59:59,ev_K,K,4,
20170805164640,2017-08-05 16:46:40,2017-08-05 23:59:59,ev_K,K,1,
20170805164650,2017-08-05 16:46:50,2017-08-05 23:59:59,ev_C,C,6,
20170805164700,2017-08-05 16:47:00,2017-08-05 23:59:59,ev_C,C,10,
20170805164710,2017-08-05 16:47:10,2017-08-05 23:59:59,ev_C,C,4,
20170805164720,2017-08-05 16:47:20,2017-08-05 23:59:59,ev_C,C,9,
20170805164730,2017-08-05 16:47:30,2017-08-05 23:59:59,ev_C,C,3,
20170805164740,2017-08-05 16:47:40,2017-08-05 23:59:59,ev_C,C,14,
20170805164750,2017-08-05 16:47:50,2017-08-05 23:59:59,ev_C,C,13,
20170805164800,2017-08-05 16:48:00,2017-08-05 23:59:59,ev_C,C,18,
20170805164810,2017-08-05 16:48:10,2017-08-05 23:59:59,ev_C,C,1,
20170805164820,2017-08-05 16:48:20,2017-08-05 23:59:59,ev_K,K,5,
20170805164830,2017-08-05 16:48:30,2017-08-05 23:59:59,ev_K,K,3,
20170805164840,2017-08-05 16:48:40,2017-08-05 23:59:59,ev_C,C,15,
20170805164850,2017-08-05 16:48:50,2017-08-05 23:59:59,ev_C,C,3,
20170805164900,2017-08-05 16:49:00,2017-08-05 23:59:59,ev_K,K,5,
20170805164910,2017-08-05 16:49:10,2017-08-05 23:59:59,ev_C,C,6,
20170805164920,2017-08-05 16:49:20,2017-08-05 23:59:59,ev_C,C,7,
20170805164930,2017-08-05 16:49:30,2017-08-05 23:59:59,ev_C,C,4,
20170805164940,2017-08-05 16:49:40,2017-08-05 23:59:59,ev_C,C,6,
20170805164950,2017-08-05 16:49:50,2017-08-05 23:59:59,ev_C,C,12,
20170805165000,2017-08-05 16:50:00,2017-08-05 23:59:59,ev_C,C,1,
20170805165010,2017-08-05 16:50:10,2017-08-05 23:59:59,ev_C,C,10,
20170805165020,2017-08-05 16:50:20,2017-08-05 23:59:59,ev_C,C,2,
20170805165030,2017-08-05 16:50:30,2017-08-05 23:59:59,ev_K,K,4,
20170805165040,2017-08-05 16:50:40,2017-08-05 23:59:59,ev_C,C,11,
20170805165050,2017-08-05 16:50:50,2017-08-05 23:59:59,ev_N,K,5,
20170805165100,2017-08-05 16:51:00,2017-08-05 23:59:59,ev_C,C,11,
20170805165110,2017-08-05 16:51:10,2017-08-05 23:59:59,ev_C,C,2,
20170805165120,2017-08-05 16:51:20,2017-08-05 23:59:59,ev_C,C,6,
20170805165130,2017-08-05 16:51:30,2017-08-05 23:59:59,ev_C,C,7,
20170805165140,2017-08-05 16:51:40,2017-08-05 23:59:59,ev_C,C,13,
20170805165150,2017-08-05 16:51:50,2017-08-05 23:59:59,ev_C,C,7,
20170805165200,2017-08-05 16:52:00,2017-08-05 23:59:59,ev_C,C,11,
20170805165210,2017-08-05 16:52:10,2017-08-05 23:59:59,ev_C,C,18,
20170805165220,2017-08-05 16:52:20,2017-08-05 23:59:59,ev_C,C,8,
20170805165230,2017-08-05 16:52:30,2017-08-05 23:59:59,ev_C,C,13,
20170805165240,2017-08-05 16:52:40,2017-08-05 23:59:59,ev_K,K,4,
20170805165250,2017-08-05 16:52:50,2017-08-05 23:59:59,ev_C,C,20,
20170805165300,2017-08-05 16:53:00,2017-08-05 23:59:59,ev_C,C,18,
20170805165310,2017-08-05 16:53:10,2017-08-05 23:59:59,ev_C,C,4,
20170805165320,2017-08-05 16:53:20,2017-08-05 23:59:59,ev_C,C,1,
20170805165330,2017-08-05 16:53:30,2017-08-05 23:59:59,ev_K,K,3,
20170805165340,2017-08-05 16:53:40,2017-08-05 23:59:59,ev_C,C,17,
20170805165350,2017-08-05 16:53:50,2017-08-05 23:59:59,ev_C,C,13,
20170805165400,2017-08-05 16:54:00,2017-08-05 23:59:59,ev_C,C,3,
20170805165410,2017-08-05 16:54:10,2017-08-05 23:59:59,ev_C,C,17,
20170805165420,2017-08-05 16:54:20,2017-08-05 23:59:59,ev_C,C,11,
20170805165430,2017-08-05 16:54:30,2017-08-05 23:59:59,ev_C,C,16,
20170805165440,2017-08-05 16:54:40,2017-08-05 23:59:59,ev_K,K,5,
20170805165450,2017-08-05 16:54:50,2017-08-05 23:59:59,ev_C,C,1,
20170805165500,2017-08-05 16:55:00,2017-08-05 23:59:59,ev_K,K,3,
20170805165510,2017-08-05 16:55:10,2017-08-05 23:59:59,ev_C,C,5,
20170805165520,2017-08-05 16:55:20,2017-08-05 23:59:59,ev_C,C,7,
20170805165530,2017-08-05 16:55:30,2017-08-05 23:59:59,ev_C,C,15,
20170805165540,2017-08-05 16:55:40,2017-08-05 23:59:59,ev_C,C,19,
20170805165550,2017-08-05 16:55:50,2017-08-05 23:59:59,ev_C,C,14,
20170805165600,2017-08-05 16:56:00,2017-08-05 23:59:59,ev_K,K,5,
20170805165610,2017-08-05 16:56:10,2017-08-05 23:59:59,ev_C,C,10,
20170805165620,2017-08-05 16:56:20,2017-08-05 23:59:59,ev_K,K,4,
20170805165630,2017-08-05 16:56:30,2017-08-05 23:59:59,ev_C,C,2,
20170805165640,2017-08-05 16:56:40,2017-08-05 23:59:59,ev_K,K,3,
20170805165650,2017-08-05 16:56:50,2017-08-05 23:59:59,ev_K,K,5,
20170805165700,2017-08-05 16:57:00,2017-08-05 23:59:59,ev_K,K,4,
20170805165710,2017-08-05 16:57:10,2017-08-05 23:59:59,ev_C,C,16,
20170805165720,2017-08-05 16:57:20,2017-08-05 23:59:59,ev_C,C,6,
20170805165730,2017-08-05 16:57:30,2017-08-05 23:59:59,ev_C,C,18,
20170805165740,2017-08-05 16:57:40,2017-08-05 23:59:59,ev_C,C,8,
20170805165750,2017-08-05 16:57:50,2017-08-05 23:59:59,ev_C,C,10,
20170805165800,2017-08-05 16:58:00,2017-08-05 23:59:59,ev_K,K,1,
20170805165810,2017-08-05 16:58:10,2017-08-05 23:59:59,ev_C,C,5,
20170805165820,2017-08-05 16:58:20,2017-08-05 23:59:59,ev_K,K,4,
20170805165830,2017-08-05 16:58:30,2017-08-05 23:59:59,ev_C,C,17,
20170805165840,2017-08-05 16:58:40,2017-08-05 23:59:59,ev_K,K,3,
20170805165850,2017-08-05 16:58:50,2017-08-05 23:59:59,ev_K,K,2,
20170805165900,2017-08-05 16:59:00,2017-08-05 23:59:59,ev_K,K,1,
20170805165910,2017-08-05 16:59:10,2017-08-05 23:59:59,ev_C,C,11,
20170805165920,2017-08-05 16:59:20,2017-08-05 23:59:59,ev_C,C,6,
20170805165930,2017-08-05 16:59:30,2017-08-05 23:59:59,ev_C,C,8,
20170805165940,2017-08-05 16:59:40,2017-08-05 23:59:59,ev_C,C,13,
20170805165950,2017-08-05 16:59:50,2017-08-05 23:59:59,ev_K,K,5,
20170805170000,2017-08-05 17:00:00,2017-08-05 23:59:59,ev_K,K,3,
20170805170010,2017-08-05 17:00:10,2017-08-05 23:59:59,ev_C,C,13,
20170805170020,2017-08-05 17:00:20,2017-08-05 23:59:59,ev_C,C,18,
20170805170030,2017-08-05 17:00:30,2017-08-05 23:59:59,ev_C,C,10,
20170805170040,2017-08-05 17:00:40,2017-08-05 23:59:59,ev_C,C,11,
20170805170050,2017-08-05 17:00:50,2017-08-05 23:59:59,ev_C,C,9,
20170805170100,2017-08-05 17:01:00,2017-08-05 23:59:59,ev_K,K,4,
20170805170110,2017-08-05 17:01:10,2017-08-05 23:59:59,ev_C,C,6,
20170805170120,2017-08-05 17:01:20,2017-08-05 23:59:59,ev_C,C,15,
20170805170130,2017-08-05 17:01:30,2017-08-05 23:59:59,ev_K,K,1,
20170805170140,2017-08-05 17:01:40,2017-08-05 23:59:59,ev_C,C,20,
20170805170150,2017-08-05 17:01:50,2017-08-05 23:59:59,ev_C,C,16,
20170805170200,2017-08-05 17:02:00,2017-08-05 23:59:59,ev_C,C,10,
20170805170210,2017-08-05 17:02:10,2017-08-05 23:59:59,ev_C,C,5,
20170805170220,2017-08-05 17:02:20,2017-08-05 23:59:59,ev_C,C,5,
20170805170230,2017-08-05 17:02:30,2017-08-05 23:59:59,ev_C,C,12,
20170805170240,2017-08-05 17:02:40,2017-08-05 23:59:59,ev_C,C,19,
20170805170250,2017-08-05 17:02:50,2017-08-05 23:59:59,ev_K,K,2,
20170805170300,2017-08-05 17:03:00,2017-08-05 23:59:59,ev_C,C,14,
20170805170310,2017-08-05 17:03:10,2017-08-05 23:59:59,ev_K,K,3,
20170805170320,2017-08-05 17:03:20,2017-08-05 23:59:59,ev_C,C,9,
20170805170330,2017-08-05 17:03:30,2017-08-05 23:59:59,ev_C,C,2,
20170805170340,2017-08-05 17:03:40,2017-08-05 23:59:59,ev_C,C,7,
20170805170350,2017-08-05 17:03:50,2017-08-05 23:59:59,ev_C,C,11,
20170805170400,2017-08-05 17:04:00,2017-08-05 23:59:59,ev_C,C,1,
20170805170410,2017-08-05 17:04:10,2017-08-05 23:59:59,ev_C,C,7,
20170805170420,2017-08-05 17:04:20,2017-08-05 23:59:59,ev_C,C,13,
20170805170430,2017-08-05 17:04:30,2017-08-05 23:59:59,ev_C,C,6,
20170805170440,2017-08-05 17:04:40,2017-08-05 23:59:59,ev_K,K,3,
20170805170450,2017-08-05 17:04:50,2017-08-05 23:59:59,ev_C,C,4,
20170805170500,2017-08-05 17:05:00,2017-08-05 23:59:59,ev_C,C,5,
20170805170510,2017-08-05 17:05:10,2017-08-05 23:59:59,ev_C,C,17,
20170805170520,2017-08-05 17:05:20,2017-08-05 23:59:59,ev_C,C,12,
20170805170530,2017-08-05 17:05:30,2017-08-05 23:59:59,ev_C,C,5,
20170805170540,2017-08-05 17:05:40,2017-08-05 23:59:59,ev_C,C,9,
20170805170550,2017-08-05 17:05:50,2017-08-05 23:59:59,ev_C,C,9,
20170805170600,2017-08-05 17:06:00,2017-08-05 23:59:59,ev_C,C,20,
20170805170610,2017-08-05 17:06:10,2017-08-05 23:59:59,ev_N,K,2,
20170805170620,2017-08-05 17:06:20,2017-08-05 23:59:59,ev_C,C,11,
20170805170630,2017-08-05 17:06:30,2017-08-05 23:59:59,ev_C,C,20,
20170805170640,2017-08-05 17:06:40,2017-08-05 23:59:59,ev_C,C,15,
20170805170650,2017-08-05 17:06:50,2017-08-05 23:59:59,ev_C,C,10,
20170805170700,2017-08-05 17:07:00,2017-08-05 23:59:59,ev_K,K,2,
20170805170710,2017-08-05 17:07:10,2017-08-05 23:59:59,ev_C,C,8,
20170805170720,2017-08-05 17:07:20,2017-08-05 23:59:59,ev_C,C,4,
20170805170730,2017-08-05 17:07:30,2017-08-05 23:59:59,ev_K,K,5,
20170805170740,2017-08-05 17:07:40,2017-08-05 23:59:59,ev_K,K,3,
20170805170750,2017-08-05 17:07:50,2017-08-05 23:59:59,ev_K,K,4,
20170805170800,2017-08-05 17:08:00,2017-08-05 23:59:59,ev_C,C,18,
20170805170810,2017-08-05 17:08:10,2017-08-05 23:59:59,ev_C,C,2,
20170805170820,2017-08-05 17:08:20,2017-08-05 23:59:59,ev_C,C,17,
20170805170830,2017-08-05 17:08:30,2017-08-05 23:59:59,ev_C,C,4,
20170805170840,2017-08-05 17:08:40,2017-08-05 23:59:59,ev_C,C,11,
20170805170850,2017-08-05 17:08:50,2017-08-05 23:59:59,ev_C,C,17,
20170805170900,2017-08-05 17:09:00,2017-08-05 23:59:59,ev_N,K,3,
20170805170910,2017-08-05 17:09:10,2017-08-05 23:59:59,ev_C,C,17,
20170805170920,2017-08-05 17:09:20,2017-08-05 23:59:59,ev_C,C,1,
20170805170930,2017-08-05 17:09:30,2017-08-05 23:59:59,ev_C,C,7,
20170805170940,2017-08-05 17:09:40,2017-08-05 23:59:59,ev_C,C,17,
20170805170950,2017-08-05 17:09:50,2017-08-05 23:59:59,ev_C,C,17,
20170805171000,2017-08-05 17:10:00,2017-08-05 23:59:59,ev_C,C,17,
20170805171010,2017-08-05 17:10:10,2017-08-05 23:59:59,ev_C,C,3,
20170805171020,2017-08-05 17:10:20,2017-08-05 23:59:59,ev_C,C,3,
20170805171030,2017-08-05 17:10:30,2017-08-05 23:59:59,ev_C,C,4,
20170805171040,2017-08-05 17:10:40,2017-08-05 23:59:59,ev_C,C,2,
20170805171050,2017-08-05 17:10:50,2017-08-05 23:59:59,ev_C,C,7,
20170805171100,2017-08-05 17:11:00,2017-08-05 23:59:59,ev_C,C,15,
20170805171110,2017-08-05 17:11:10,2017-08-05 23:59:59,ev_K,K,2,
20170805171120,2017-08-05 17:11:20,2017-08-05 23:59:59,ev_C,C,9,
20170805171130,2017-08-05 17:11:30,2017-08-05 23:59:59,ev_C,C,18,
20170805171140,2017-08-05 17:11:40,2017-08-05 23:59:59,ev_C,C,3,
20170805171150,2017-08-05 17:11:50,2017-08-05 23:59:59,ev_C,C,11,
20170805171200,2017-08-05 17:12:00,2017-08-05 23:59:59,ev_C,C,9,
20170805171210,2017-08-05 17:12:10,2017-08-05 23:59:59,ev_C,C,2,
20170805171220,2017-08-05 17:12:20,2017-08-05 23:59:59,ev_K,K,3,
20170805171230,2017-08-05 17:12:30,2017-08-05 23:59:59,ev_C,C,19,
20170805171240,2017-08-05 17:12:40,2017-08-05 23:59:59,ev_K,K,2,
20170805171250,2017-08-05 17:12:50,2017-08-05 23:59:59,ev_C,C,1,
20170805171300,2017-08-05 17:13:00,2017-08-05 23:59:59,ev_C,C,1,
20170805171310,2017-08-05 17:13:10,2017-08-05 23:59:59,ev_N,K,3,
20170805171320,2017-08-05 17:13:20,2017-08-05 23:59:59,ev_C,C,8,
20170805171330,2017-08-05 17:13:30,2017-08-05 23:59:59,ev_C,C,2,
20170805171340,2017-08-05 17:13:40,2017-08-05 23:59:59,ev_C,C,17,
20170805171350,2017-08-05 17:13:50,2017-08-05 23:59:59,ev_C,C,1,
20170805171400,2017-08-05 17:14:00,2017-08-05 23:59:59,ev_C,C,14,
20170805171410,2017-08-05 17:14:10,2017-08-05 23:59:59,ev_C,C,5,
20170805171420,2017-08-05 17:14:20,2017-08-05 23:59:59,ev_C,C,10,
20170805171430,2017-08-05 17:14:30,2017-08-05 23:59:59,ev_N,K,5,
20170805171440,2017-08-05 17:14:40,2017-08-05 23:59:59,ev_C,C,7,
20170805171450,2017-08-05 17:14:50,2017-08-05 23:59:59,ev_K,K,1,
20170805171500,2017-08-05 17:15:00,2017-08-05 23:59:59,ev_C,C,17,
20170805171510,2017-08-05 17:15:10,2017-08-05 23:59:59,ev_C,C,15,
20170805171520,2017-08-05 17:15:20,2017-08-05 23:59:59,ev_C,C,14,
20170805171530,2017-08-05 17:15:30,2017-08-05 23:59:59,ev_C,C,19,
20170805171540,2017-08-05 17:15:40,2017-08-05 23:59:59,ev_C,C,11,
20170805171550,2017-08-05 17:15:50,2017-08-05 23:59:59,ev_C,C,5,
20170805171600,2017-08-05 17:16:00,2017-08-05 23:59:59,ev_C,C,6,
20170805171610,2017-08-05 17:16:10,2017-08-05 23:59:59,ev_C,C,19,
20170805171620,2017-08-05 17:16:20,2017-08-05 23:59:59,ev_K,K,5,
20170805171630,2017-08-05 17:16:30,2017-08-05 23:59:59,ev_C,C,20,
20170805171640,2017-08-05 17:16:40,2017-08-05 23:59:59,ev_C,C,20,
20170805171650,2017-08-05 17:16:50,2017-08-05 23:59:59,ev_K,K,4,
20170805171700,2017-08-05 17:17:00,2017-08-05 23:59:59,ev_C,C,8,
20170805171710,2017-08-05 17:17:10,2017-08-05 23:59:59,ev_C,C,15,
20170805171720,2017-08-05 17:17:20,2017-08-05 23:59:59,ev_K,K,1,
20170805171730,2017-08-05 17:17:30,2017-08-05 23:59:59,ev_C,C,18,
20170805171740,2017-08-05 17:17:40,2017-08-05 23:59:59,ev_C,C,3,
20170805171750,2017-08-05 17:17:50,2017-08-05 23:59:59,ev_C,C,8,
20170805171800,2017-08-05 17:18:00,2017-08-05 23:59:59,ev_K,K,5,
20170805171810,2017-08-05 17:18:10,2017-08-05 23:59:59,ev_C,C,8,
20170805171820,2017-08-05 17:18:20,2017-08-05 23:59:59,ev_C,C,3,
20170805171830,2017-08-05 17:18:30,2017-08-05 23:59:59,ev_C,C,17,
20170805171840,2017-08-05 17:18:40,2017-08-05 23:59:59,ev_C,C,5,
20170805171850,2017-08-05 17:18:50,2017-08-05 23:59:59,ev_C,C,7,
20170805171900,2017-08-05 17:19:00,2017-08-05 23:59:59,ev_K,K,4,
20170805171910,2017-08-05 17:19:10,2017-08-05 23:59:59,ev_C,C,2,
20170805171920,2017-08-05 17:19:20,2017-08-05 23:59:59,ev_C,C,18,
20170805171930,2017-08-05 17:19:30,2017-08-05 23:59:59,ev_C,C,5,
20170805171940,2017-08-05 17:19:40,2017-08-05 23:59:59,ev_C,C,20,
20170805171950,2017-08-05 17:19:50,2017-08-05 23:59:59,ev_C,C,3,
20170805172000,2017-08-05 17:20:00,2017-08-05 23:59:59,ev_C,C,20,
20170805172010,2017-08-05 17:20:10,2017-08-05 23:59:59,ev_C,C,19,
20170805172020,2017-08-05 17:20:20,2017-08-05 23:59:59,ev_C,C,5,
20170805172030,2017-08-05 17:20:30,2017-08-05 23:59:59,ev_K,K,4,
20170805172040,2017-08-05 17:20:40,2017-08-05 23:59:59,ev_C,C,17,
20170805172050,2017-08-05 17:20:50,2017-08-05 23:59:59,ev_N,K,3,
20170805172100,2017-08-05 17:21:00,2017-08-05 23:59:59,ev_N,K,3,
20170805172110,2017-08-05 17:21:10,2017-08-05 23:59:59,ev_C,C,16,
20170805172120,2017-08-05 17:21:20,2017-08-05 23:59:59,ev_C,C,20,
20170805172130,2017-08-05 17:21:30,2017-08-05 23:59:59,ev_K,K,3,
20170805172140,2017-08-05 17:21:40,2017-08-05 23:59:59,ev_C,C,10,
20170805172150,2017-08-05 17:21:50,2017-08-05 23:59:59,ev_C,C,4,
20170805172200,2017-08-05 17:22:00,2017-08-05 23:59:59,ev_C,C,20,
20170805172210,2017-08-05 17:22:10,2017-08-05 23:59:59,ev_C,C,7,
20170805172220,2017-08-05 17:22:20,2017-08-05 23:59:59,ev_C,C,19,
20170805172230,2017-08-05 17:22:30,2017-08-05 23:59:59,ev_C,C,19,
20170805172240,2017-08-05 17:22:40,2017-08-05 23:59:59,ev_C,C,11,
20170805172250,2017-08-05 17:22:50,2017-08-05 23:59:59,ev_C,C,5,
20170805172300,2017-08-05 17:23:00,2017-08-05 23:59:59,ev_N,K,5,
20170805172310,2017-08-05 17:23:10,2017-08-05 23:59:59,ev_C,C,6,
20170805172320,2017-08-05 17:23:20,2017-08-05 23:59:59,ev_N,K,5,
20170805172330,2017-08-05 17:23:30,2017-08-05 23:59:59,ev_C,C,20,
20170805172340,2017-08-05 17:23:40,2017-08-05 23:59:59,ev_C,C,13,
20170805172350,2017-08-05 17:23:50,2017-08-05 23:59:59,ev_K,K,2,
20170805172400,2017-08-05 17:24:00,2017-08-05 23:59:59,ev_K,K,1,
20170805172410,2017-08-05 17:24:10,2017-08-05 23:59:59,ev_C,C,16,
20170805172420,2017-08-05 17:24:20,2017-08-05 23:59:59,ev_K,K,2,
20170805172430,2017-08-05 17:24:30,2017-08-05 23:59:59,ev_C,C,11,
20170805172440,2017-08-05 17:24:40,2017-08-05 23:59:59,ev_C,C,19,
20170805172450,2017-08-05 17:24:50,2017-08-05 23:59:59,ev_C,C,3,
20170805172500,2017-08-05 17:25:00,2017-08-05 23:59:59,ev_C,C,20,
20170805172510,2017-08-05 17:25:10,2017-08-05 23:59:59,ev_C,C,17,
20170805172520,2017-08-05 17:25:20,2017-08-05 23:59:59,ev_K,K,3,
20170805172530,2017-08-05 17:25:30,2017-08-05 23:59:59,ev_C,C,17,
20170805172540,2017-08-05 17:25:40,2017-08-05 23:59:59,ev_C,C,2,
20170805172550,2017-08-05 17:25:50,2017-08-05 23:59:59,ev_C,C,12,
20170805172600,2017-08-05 17:26:00,2017-08-05 23:59:59,ev_C,C,8,
20170805172610,2017-08-05 17:26:10,2017-08-05 23:59:59,ev_C,C,5,
20170805172620,2017-08-05 17:26:20,2017-08-05 23:59:59,ev_N,K,5,
20170805172630,2017-08-05 17:26:30,2017-08-05 23:59:59,ev_C,C,19,
20170805172640,2017-08-05 17:26:40,2017-08-05 23:59:59,ev_C,C,7,
20170805172650,2017-08-05 17:26:50,2017-08-05 23:59:59,ev_C,C,14,
20170805172700,2017-08-05 17:27:00,2017-08-05 23:59:59,ev_C,C,10,
20170805172710,2017-08-05 17:27:10,2017-08-05 23:59:59,ev_C,C,17,
20170805172720,2017-08-05 17:27:20,2017-08-05 23:59:59,ev_C,C,8,
20170805172730,2017-08-05 17:27:30,2017-08-05 23:59:59,ev_C,C,1,
20170805172740,2017-08-05 17:27:40,2017-08-05 23:59:59,ev_K,K,3,
20170805172750,2017-08-05 17:27:50,2017-08-05 23:59:59,ev_C,C,10,
20170805172800,2017-08-05 17:28:00,2017-08-05 23:59:59,ev_N,K,1,
20170805172810,2017-08-05 17:28:10,2017-08-05 23:59:59,ev_C,C,11,
20170805172820,2017-08-05 17:28:20,2017-08-05 23:59:59,ev_C,C,20,
20170805172830,2017-08-05 17:28:30,2017-08-05 23:59:59,ev_C,C,18,
20170805172840,2017-08-05 17:28:40,2017-08-05 23:59:59,ev_N,K,4,
20170805172850,2017-08-05 17:28:50,2017-08-05 23:59:59,ev_C,C,10,
20170805172900,2017-08-05 17:29:00,2017-08-05 23:59:59,ev_C,C,1,
20170805172910,2017-08-05 17:29:10,2017-08-05 23:59:59,ev_K,K,2,
20170805172920,2017-08-05 17:29:20,2017-08-05 23:59:59,ev_K,K,3,
20170805172930,2017-08-05 17:29:30,2017-08-05 23:59:59,ev_C,C,3,
20170805172940,2017-08-05 17:29:40,2017-08-05 23:59:59,ev_C,C,13,
20170805172950,2017-08-05 17:29:50,2017-08-05 23:59:59,ev_C,C,2,
20170805173000,2017-08-05 17:30:00,2017-08-05 23:59:59,ev_K,K,1,
20170805173010,2017-08-05 17:30:10,2017-08-05 23:59:59,ev_K,K,2,
20170805173020,2017-08-05 17:30:20,2017-08-05 23:59:59,ev_C,C,5,
20170805173030,2017-08-05 17:30:30,2017-08-05 23:59:59,ev_K,K,5,
20170805173040,2017-08-05 17:30:40,2017-08-05 23:59:59,ev_C,C,2,
20170805173050,2017-08-05 17:30:50,2017-08-05 23:59:59,ev_C,C,20,
20170805173100,2017-08-05 17:31:00,2017-08-05 23:59:59,ev_K,K,2,
20170805173110,2017-08-05 17:31:10,2017-08-05 23:59:59,ev_C,C,12,
20170805173120,2017-08-05 17:31:20,2017-08-05 23:59:59,ev_K,K,1,
20170805173130,2017-08-05 17:31:30,2017-08-05 23:59:59,ev_K,K,5,
20170805173140,2017-08-05 17:31:40,2017-08-05 23:59:59,ev_K,K,1,
20170805173150,2017-08-05 17:31:50,2017-08-05 23:59:59,ev_C,C,13,
20170805173200,2017-08-05 17:32:00,2017-08-05 23:59:59,ev_C,C,12,
20170805173210,2017-08-05 17:32:10,2017-08-05 23:59:59,ev_C,C,10,
20170805173220,2017-08-05 17:32:20,2017-08-05 23:59:59,ev_C,C,15,
20170805173230,2017-08-05 17:32:30,2017-08-05 23:59:59,ev_C,C,3,
20170805173240,2017-08-05 17:32:40,2017-08-05 23:59:59,ev_C,C,15,
20170805173250,2017-08-05 17:32:50,2017-08-05 23:59:59,ev_C,C,16,
20170805173300,2017-08-05 17:33:00,2017-08-05 23:59:59,ev_C,C,17,
20170805173310,2017-08-05 17:33:10,2017-08-05 23:59:59,ev_C,C,8,
20170805173320,2017-08-05 17:33:20,2017-08-05 23:59:59,ev_C,C,3,
20170805173330,2017-08-05 17:33:30,2017-08-05 23:59:59,ev_N,K,4,
20170805173340,2017-08-05 17:33:40,2017-08-05 23:59:59,ev_C,C,1,
20170805173350,2017-08-05 17:33:50,2017-08-05 23:59:59,ev_C,C,19,
20170805173400,2017-08-05 17:34:00,2017-08-05 23:59:59,ev_C,C,10,
20170805173410,2017-08-05 17:34:10,2017-08-05 23:59:59,ev_K,K,2,
20170805173420,2017-08-05 17:34:20,2017-08-05 23:59:59,ev_N,K,1,
20170805173430,2017-08-05 17:34:30,2017-08-05 23:59:59,ev_C,C,2,
20170805173440,2017-08-05 17:34:40,2017-08-05 23:59:59,ev_K,K,1,
20170805173450,2017-08-05 17:34:50,2017-08-05 23:59:59,ev_C,C,20,
20170805173500,2017-08-05 17:35:00,2017-08-05 23:59:59,ev_K,K,2,
20170805173510,2017-08-05 17:35:10,2017-08-05 23:59:59,ev_C,C,14,
20170805173520,2017-08-05 17:35:20,2017-08-05 23:59:59,ev_C,C,18,
20170805173530,2017-08-05 17:35:30,2017-08-05 23:59:59,ev_C,C,20,
20170805173540,2017-08-05 17:35:40,2017-08-05 23:59:59,ev_K,K,5,
20170805173550,2017-08-05 17:35:50,2017-08-05 23:59:59,ev_K,K,4,
20170805173600,2017-08-05 17:36:00,2017-08-05 23:59:59,ev_C,C,12,
20170805173610,2017-08-05 17:36:10,2017-08-05 23:59:59,ev_C,C,3,
20170805173620,2017-08-05 17:36:20,2017-08-05 23:59:59,ev_C,C,8,
20170805173630,2017-08-05 17:36:30,2017-08-05 23:59:59,ev_C,C,7,
20170805173640,2017-08-05 17:36:40,2017-08-05 23:59:59,ev_C,C,20,
20170805173650,2017-08-05 17:36:50,2017-08-05 23:59:59,ev_C,C,12,
20170805173700,2017-08-05 17:37:00,2017-08-05 23:59:59,ev_C,C,16,
20170805173710,2017-08-05 17:37:10,2017-08-05 23:59:59,ev_C,C,7,
20170805173720,2017-08-05 17:37:20,2017-08-05 23:59:59,ev_C,C,8,
20170805173730,2017-08-05 17:37:30,2017-08-05 23:59:59,ev_C,C,6,
20170805173740,2017-08-05 17:37:40,2017-08-05 23:59:59,ev_C,C,11,
20170805173750,2017-08-05 17:37:50,2017-08-05 23:59:59,ev_C,C,2,
20170805173800,2017-08-05 17:38:00,2017-08-05 23:59:59,ev_C,C,11,
20170805173810,2017-08-05 17:38:10,2017-08-05 23:59:59,ev_C,C,12,
20170805173820,2017-08-05 17:38:20,2017-08-05 23:59:59,ev_C,C,20,
20170805173830,2017-08-05 17:38:30,2017-08-05 23:59:59,ev_C,C,1,
20170805173840,2017-08-05 17:38:40,2017-08-05 23:59:59,ev_C,C,10,
20170805173850,2017-08-05 17:38:50,2017-08-05 23:59:59,ev_K,K,1,
20170805173900,2017-08-05 17:39:00,2017-08-05 23:59:59,ev_K,K,1,
20170805173910,2017-08-05 17:39:10,2017-08-05 23:59:59,ev_C,C,12,
20170805173920,2017-08-05 17:39:20,2017-08-05 23:59:59,ev_K,K,2,
20170805173930,2017-08-05 17:39:30,2017-08-05 23:59:59,ev_K,K,1,
20170805173940,2017-08-05 17:39:40,2017-08-05 23:59:59,ev_C,C,1,
20170805173950,2017-08-05 17:39:50,2017-08-05 23:59:59,ev_K,K,2,
20170805174000,2017-08-05 17:40:00,2017-08-05 23:59:59,ev_K,K,5,
20170805174010,2017-08-05 17:40:10,2017-08-05 23:59:59,ev_C,C,14,
20170805174020,2017-08-05 17:40:20,2017-08-05 23:59:59,ev_K,K,3,
20170805174030,2017-08-05 17:40:30,2017-08-05 23:59:59,ev_C,C,15,
20170805174040,2017-08-05 17:40:40,2017-08-05 23:59:59,ev_N,K,5,
20170805174050,2017-08-05 17:40:50,2017-08-05 23:59:59,ev_C,C,15,
20170805174100,2017-08-05 17:41:00,2017-08-05 23:59:59,ev_C,C,20,
20170805174110,2017-08-05 17:41:10,2017-08-05 23:59:59,ev_C,C,3,
20170805174120,2017-08-05 17:41:20,2017-08-05 23:59:59,ev_C,C,20,
20170805174130,2017-08-05 17:41:30,2017-08-05 23:59:59,ev_C,C,14,
20170805174140,2017-08-05 17:41:40,2017-08-05 23:59:59,ev_C,C,1,
20170805174150,2017-08-05 17:41:50,2017-08-05 23:59:59,ev_C,C,1,
20170805174200,2017-08-05 17:42:00,2017-08-05 23:59:59,ev_C,C,20,
20170805174210,2017-08-05 17:42:10,2017-08-05 23:59:59,ev_K,K,2,
20170805174220,2017-08-05 17:42:20,2017-08-05 23:59:59,ev_C,C,3,
20170805174230,2017-08-05 17:42:30,2017-08-05 23:59:59,ev_K,K,2,
20170805174240,2017-08-05 17:42:40,2017-08-05 23:59:59,ev_C,C,15,
20170805174250,2017-08-05 17:42:50,2017-08-05 23:59:59,ev_C,C,11,
20170805174300,2017-08-05 17:43:00,2017-08-05 23:59:59,ev_C,C,19,
20170805174310,2017-08-05 17:43:10,2017-08-05 23:59:59,ev_C,C,15,
20170805174320,2017-08-05 17:43:20,2017-08-05 23:59:59,ev_C,C,7,
20170805174330,2017-08-05 17:43:30,2017-08-05 23:59:59,ev_C,C,4,
20170805174340,2017-08-05 17:43:40,2017-08-05 23:59:59,ev_K,K,1,
20170805174350,2017-08-05 17:43:50,2017-08-05 23:59:59,ev_N,K,3,
20170805174400,2017-08-05 17:44:00,2017-08-05 23:59:59,ev_C,C,19,
20170805174410,2017-08-05 17:44:10,2017-08-05 23:59:59,ev_K,K,4,
20170805174420,2017-08-05 17:44:20,2017-08-05 23:59:59,ev_C,C,18,
20170805174430,2017-08-05 17:44:30,2017-08-05 23:59:59,ev_C,C,20,
20170805174440,2017-08-05 17:44:40,2017-08-05 23:59:59,ev_K,K,1,
20170805174450,2017-08-05 17:44:50,2017-08-05 23:59:59,ev_C,C,7,
20170805174500,2017-08-05 17:45:00,2017-08-05 23:59:59,ev_C,C,6,
20170805174510,2017-08-05 17:45:10,2017-08-05 23:59:59,ev_C,C,2,
20170805174520,2017-08-05 17:45:20,2017-08-05 23:59:59,ev_C,C,13,
20170805174530,2017-08-05 17:45:30,2017-08-05 23:59:59,ev_C,C,3,
20170805174540,2017-08-05 17:45:40,2017-08-05 23:59:59,ev_C,C,15,
20170805174550,2017-08-05 17:45:50,2017-08-05 23:59:59,ev_C,C,4,
20170805174600,2017-08-05 17:46:00,2017-08-05 23:59:59,ev_C,C,15,
20170805174610,2017-08-05 17:46:10,2017-08-05 23:59:59,ev_C,C,19,
20170805174620,2017-08-05 17:46:20,2017-08-05 23:59:59,ev_K,K,2,
20170805174630,2017-08-05 17:46:30,2017-08-05 23:59:59,ev_C,C,13,
20170805174640,2017-08-05 17:46:40,2017-08-05 23:59:59,ev_N,K,3,
20170805174650,2017-08-05 17:46:50,2017-08-05 23:59:59,ev_C,C,18,
20170805174700,2017-08-05 17:47:00,2017-08-05 23:59:59,ev_C,C,4,
20170805174710,2017-08-05 17:47:10,2017-08-05 23:59:59,ev_C,C,5,
20170805174720,2017-08-05 17:47:20,2017-08-05 23:59:59,ev_C,C,1,
20170805174730,2017-08-05 17:47:30,2017-08-05 23:59:59,ev_C,C,7,
20170805174740,2017-08-05 17:47:40,2017-08-05 23:59:59,ev_C,C,4,
20170805174750,2017-08-05 17:47:50,2017-08-05 23:59:59,ev_K,K,2,
20170805174800,2017-08-05 17:48:00,2017-08-05 23:59:59,ev_C,C,5,
20170805174810,2017-08-05 17:48:10,2017-08-05 23:59:59,ev_C,C,2,
20170805174820,2017-08-05 17:48:20,2017-08-05 23:59:59,ev_C,C,19,
20170805174830,2017-08-05 17:48:30,2017-08-05 23:59:59,ev_K,K,1,
20170805174840,2017-08-05 17:48:40,2017-08-05 23:59:59,ev_C,C,17,
20170805174850,2017-08-05 17:48:50,2017-08-05 23:59:59,ev_C,C,9,
20170805174900,2017-08-05 17:49:00,2017-08-05 23:59:59,ev_C,C,19,
20170805174910,2017-08-05 17:49:10,2017-08-05 23:59:59,ev_K,K,3,
20170805174920,2017-08-05 17:49:20,2017-08-05 23:59:59,ev_C,C,16,
20170805174930,2017-08-05 17:49:30,2017-08-05 23:59:59,ev_K,K,3,
20170805174940,2017-08-05 17:49:40,2017-08-05 23:59:59,ev_C,C,3,
20170805174950,2017-08-05 17:49:50,2017-08-05 23:59:59,ev_K,K,4,
20170805175000,2017-08-05 17:50:00,2017-08-05 23:59:59,ev_C,C,8,
20170805175010,2017-08-05 17:50:10,2017-08-05 23:59:59,ev_C,C,4,
20170805175020,2017-08-05 17:50:20,2017-08-05 23:59:59,ev_C,C,17,
20170805175030,2017-08-05 17:50:30,2017-08-05 23:59:59,ev_C,C,18,
20170805175040,2017-08-05 17:50:40,2017-08-05 23:59:59,ev_C,C,20,
20170805175050,2017-08-05 17:50:50,2017-08-05 23:59:59,ev_C,C,11,
20170805175100,2017-08-05 17:51:00,2017-08-05 23:59:59,ev_C,C,12,
20170805175110,2017-08-05 17:51:10,2017-08-05 23:59:59,ev_C,C,16,
20170805175120,2017-08-05 17:51:20,2017-08-05 23:59:59,ev_C,C,10,
20170805175130,2017-08-05 17:51:30,2017-08-05 23:59:59,ev_C,C,20,
20170805175140,2017-08-05 17:51:40,2017-08-05 23:59:59,ev_C,C,3,
20170805175150,2017-08-05 17:51:50,2017-08-05 23:59:59,ev_C,C,15,
20170805175200,2017-08-05 17:52:00,2017-08-05 23:59:59,ev_C,C,12,
20170805175210,2017-08-05 17:52:10,2017-08-05 23:59:59,ev_K,K,4,
20170805175220,2017-08-05 17:52:20,2017-08-05 23:59:59,ev_C,C,7,
20170805175230,2017-08-05 17:52:30,2017-08-05 23:59:59,ev_K,K,5,
20170805175240,2017-08-05 17:52:40,2017-08-05 23:59:59,ev_K,K,2,
20170805175250,2017-08-05 17:52:50,2017-08-05 23:59:59,ev_K,K,3,
20170805175300,2017-08-05 17:53:00,2017-08-05 23:59:59,ev_C,C,14,
20170805175310,2017-08-05 17:53:10,2017-08-05 23:59:59,ev_C,C,8,
20170805175320,2017-08-05 17:53:20,2017-08-05 23:59:59,ev_C,C,5,
20170805175330,2017-08-05 17:53:30,2017-08-05 23:59:59,ev_N,K,4,
20170805175340,2017-08-05 17:53:40,2017-08-05 23:59:59,ev_C,C,8,
20170805175350,2017-08-05 17:53:50,2017-08-05 23:59:59,ev_C,C,19,
20170805175400,2017-08-05 17:54:00,2017-08-05 23:59:59,ev_K,K,1,
20170805175410,2017-08-05 17:54:10,2017-08-05 23:59:59,ev_K,K,1,
20170805175420,2017-08-05 17:54:20,2017-08-05 23:59:59,ev_C,C,7,
20170805175430,2017-08-05 17:54:30,2017-08-05 23:59:59,ev_C,C,3,
20170805175440,2017-08-05 17:54:40,2017-08-05 23:59:59,ev_C,C,5,
20170805175450,2017-08-05 17:54:50,2017-08-05 23:59:59,ev_K,K,4,
20170805175500,2017-08-05 17:55:00,2017-08-05 23:59:59,ev_C,C,4,
20170805175510,2017-08-05 17:55:10,2017-08-05 23:59:59,ev_C,C,7,
20170805175520,2017-08-05 17:55:20,2017-08-05 23:59:59,ev_C,C,20,
20170805175530,2017-08-05 17:55:30,2017-08-05 23:59:59,ev_N,K,3,
20170805175540,2017-08-05 17:55:40,2017-08-05 23:59:59,ev_C,C,2,
20170805175550,2017-08-05 17:55:50,2017-08-05 23:59:59,ev_C,C,13,
20170805175600,2017-08-05 17:56:00,2017-08-05 23:59:59,ev_K,K,5,
20170805175610,2017-08-05 17:56:10,2017-08-05 23:59:59,ev_C,C,8,
20170805175620,2017-08-05 17:56:20,2017-08-05 23:59:59,ev_N,K,2,
20170805175630,2017-08-05 17:56:30,2017-08-05 23:59:59,ev_C,C,5,
20170805175640,2017-08-05 17:56:40,2017-08-05 23:59:59,ev_C,C,8,
20170805175650,2017-08-05 17:56:50,2017-08-05 23:59:59,ev_C,C,11,
20170805175700,2017-08-05 17:57:00,2017-08-05 23:59:59,ev_K,K,3,
20170805175710,2017-08-05 17:57:10,2017-08-05 23:59:59,ev_C,C,9,
20170805175720,2017-08-05 17:57:20,2017-08-05 23:59:59,ev_C,C,4,
20170805175730,2017-08-05 17:57:30,2017-08-05 23:59:59,ev_C,C,1,
20170805175740,2017-08-05 17:57:40,2017-08-05 23:59:59,ev_C,C,1,
20170805175750,2017-08-05 17:57:50,2017-08-05 23:59:59,ev_C,C,16,
20170805175800,2017-08-05 17:58:00,2017-08-05 23:59:59,ev_C,C,14,
20170805175810,2017-08-05 17:58:10,2017-08-05 23:59:59,ev_C,C,20,
20170805175820,2017-08-05 17:58:20,2017-08-05 23:59:59,ev_C,C,19,
20170805175830,2017-08-05 17:58:30,2017-08-05 23:59:59,ev_N,K,4,
20170805175840,2017-08-05 17:58:40,2017-08-05 23:59:59,ev_C,C,7,
20170805175850,2017-08-05 17:58:50,2017-08-05 23:59:59,ev_N,K,5,
20170805175900,2017-08-05 17:59:00,2017-08-05 23:59:59,ev_C,C,20,
20170805175910,2017-08-05 17:59:10,2017-08-05 23:59:59,ev_C,C,12,
20170805175920,2017-08-05 17:59:20,2017-08-05 23:59:59,ev_K,K,3,
20170805175930,2017-08-05 17:59:30,2017-08-05 23:59:59,ev_K,K,4,
20170805175940,2017-08-05 17:59:40,2017-08-05 23:59:59,ev_K,K,5,
20170805175950,2017-08-05 17:59:50,2017-08-05 23:59:59,ev_C,C,1,
20170805180000,2017-08-05 18:00:00,2017-08-05 23:59:59,ev_C,C,11,
20170805180010,2017-08-05 18:00:10,2017-08-05 23:59:59,ev_K,K,2,
20170805180020,2017-08-05 18:00:20,2017-08-05 23:59:59,ev_C,C,20,
20170805180030,2017-08-05 18:00:30,2017-08-05 23:59:59,ev_C,C,5,
20170805180040,2017-08-05 18:00:40,2017-08-05 23:59:59,ev_C,C,13,
20170805180050,2017-08-05 18:00:50,2017-08-05 23:59:59,ev_K,K,5,
20170805180100,2017-08-05 18:01:00,2017-08-05 23:59:59,ev_C,C,3,
20170805180110,2017-08-05 18:01:10,2017-08-05 23:59:59,ev_C,C,16,
20170805180120,2017-08-05 18:01:20,2017-08-05 23:59:59,ev_K,K,4,
20170805180130,2017-08-05 18:01:30,2017-08-05 23:59:59,ev_C,C,8,
20170805180140,2017-08-05 18:01:40,2017-08-05 23:59:59,ev_C,C,11,
20170805180150,2017-08-05 18:01:50,2017-08-05 23:59:59,ev_C,C,7,
20170805180200,2017-08-05 18:02:00,2017-08-05 23:59:59,ev_C,C,5,
20170805180210,2017-08-05 18:02:10,2017-08-05 23:59:59,ev_C,C,14,
20170805180220,2017-08-05 18:02:20,2017-08-05 23:59:59,ev_C,C,16,
20170805180230,2017-08-05 18:02:30,2017-08-05 23:59:59,ev_N,K,4,
20170805180240,2017-08-05 18:02:40,2017-08-05 23:59:59,ev_C,C,20,
20170805180250,2017-08-05 18:02:50,2017-08-05 23:59:59,ev_C,C,9,
20170805180300,2017-08-05 18:03:00,2017-08-05 23:59:59,ev_C,C,7,
20170805180310,2017-08-05 18:03:10,2017-08-05 23:59:59,ev_C,C,13,
20170805180320,2017-08-05 18:03:20,2017-08-05 23:59:59,ev_K,K,2,
20170805180330,2017-08-05 18:03:30,2017-08-05 23:59:59,ev_C,C,1,
20170805180340,2017-08-05 18:03:40,2017-08-05 23:59:59,ev_C,C,6,
20170805180350,2017-08-05 18:03:50,2017-08-05 23:59:59,ev_C,C,13,
20170805180400,2017-08-05 18:04:00,2017-08-05 23:59:59,ev_C,C,4,
20170805180410,2017-08-05 18:04:10,2017-08-05 23:59:59,ev_C,C,6,
20170805180420,2017-08-05 18:04:20,2017-08-05 23:59:59,ev_C,C,12,
20170805180430,2017-08-05 18:04:30,2017-08-05 23:59:59,ev_N,K,2,
20170805180440,2017-08-05 18:04:40,2017-08-05 23:59:59,ev_N,K,5,
20170805180450,2017-08-05 18:04:50,2017-08-05 23:59:59,ev_C,C,20,
20170805180500,2017-08-05 18:05:00,2017-08-05 23:59:59,ev_C,C,14,
20170805180510,2017-08-05 18:05:10,2017-08-05 23:59:59,ev_C,C,4,
20170805180520,2017-08-05 18:05:20,2017-08-05 23:59:59,ev_C,C,8,
20170805180530,2017-08-05 18:05:30,2017-08-05 23:59:59,ev_C,C,2,
20170805180540,2017-08-05 18:05:40,2017-08-05 23:59:59,ev_C,C,2,
20170805180550,2017-08-05 18:05:50,2017-08-05 23:59:59,ev_N,K,2,
20170805180600,2017-08-05 18:06:00,2017-08-05 23:59:59,ev_C,C,14,
20170805180610,2017-08-05 18:06:10,2017-08-05 23:59:59,ev_C,C,8,
20170805180620,2017-08-05 18:06:20,2017-08-05 23:59:59,ev_C,C,19,
20170805180630,2017-08-05 18:06:30,2017-08-05 23:59:59,ev_C,C,3,
20170805180640,2017-08-05 18:06:40,2017-08-05 23:59:59,ev_C,C,16,
20170805180650,2017-08-05 18:06:50,2017-08-05 23:59:59,ev_C,C,1,
20170805180700,2017-08-05 18:07:00,2017-08-05 23:59:59,ev_C,C,12,
20170805180710,2017-08-05 18:07:10,2017-08-05 23:59:59,ev_C,C,3,
20170805180720,2017-08-05 18:07:20,2017-08-05 23:59:59,ev_C,C,17,
20170805180730,2017-08-05 18:07:30,2017-08-05 23:59:59,ev_C,C,8,
20170805180740,2017-08-05 18:07:40,2017-08-05 23:59:59,ev_C,C,8,
20170805180750,2017-08-05 18:07:50,2017-08-05 23:59:59,ev_C,C,6,
20170805180800,2017-08-05 18:08:00,2017-08-05 23:59:59,ev_C,C,11,
20170805180810,2017-08-05 18:08:10,2017-08-05 23:59:59,ev_C,C,3,
20170805180820,2017-08-05 18:08:20,2017-08-05 23:59:59,ev_K,K,4,
20170805180830,2017-08-05 18:08:30,2017-08-05 23:59:59,ev_K,K,2,
20170805180840,2017-08-05 18:08:40,2017-08-05 23:59:59,ev_K,K,5,
20170805180850,2017-08-05 18:08:50,2017-08-05 23:59:59,ev_C,C,15,
20170805180900,2017-08-05 18:09:00,2017-08-05 23:59:59,ev_K,K,4,
20170805180910,2017-08-05 18:09:10,2017-08-05 23:59:59,ev_C,C,5,
20170805180920,2017-08-05 18:09:20,2017-08-05 23:59:59,ev_C,C,1,
20170805180930,2017-08-05 18:09:30,2017-08-05 23:59:59,ev_K,K,4,
20170805180940,2017-08-05 18:09:40,2017-08-05 23:59:59,ev_C,C,6,
20170805180950,2017-08-05 18:09:50,2017-08-05 23:59:59,ev_C,C,5,
20170805181000,2017-08-05 18:10:00,2017-08-05 23:59:59,ev_C,C,14,
20170805181010,2017-08-05 18:10:10,2017-08-05 23:59:59,ev_C,C,11,
20170805181020,2017-08-05 18:10:20,2017-08-05 23:59:59,ev_C,C,7,
20170805181030,2017-08-05 18:10:30,2017-08-05 23:59:59,ev_C,C,9,
20170805181040,2017-08-05 18:10:40,2017-08-05 23:59:59,ev_C,C,1,
20170805181050,2017-08-05 18:10:50,2017-08-05 23:59:59,ev_C,C,13,
20170805181100,2017-08-05 18:11:00,2017-08-05 23:59:59,ev_C,C,5,
20170805181110,2017-08-05 18:11:10,2017-08-05 23:59:59,ev_C,C,13,
20170805181120,2017-08-05 18:11:20,2017-08-05 23:59:59,ev_C,C,2,
20170805181130,2017-08-05 18:11:30,2017-08-05 23:59:59,ev_C,C,6,
20170805181140,2017-08-05 18:11:40,2017-08-05 23:59:59,ev_C,C,2,
20170805181150,2017-08-05 18:11:50,2017-08-05 23:59:59,ev_K,K,1,
20170805181200,2017-08-05 18:12:00,2017-08-05 23:59:59,ev_C,C,11,
20170805181210,2017-08-05 18:12:10,2017-08-05 23:59:59,ev_K,K,3,
20170805181220,2017-08-05 18:12:20,2017-08-05 23:59:59,ev_C,C,4,
20170805181230,2017-08-05 18:12:30,2017-08-05 23:59:59,ev_C,C,5,
20170805181240,2017-08-05 18:12:40,2017-08-05 23:59:59,ev_C,C,8,
20170805181250,2017-08-05 18:12:50,2017-08-05 23:59:59,ev_C,C,14,
20170805181300,2017-08-05 18:13:00,2017-08-05 23:59:59,ev_C,C,9,
20170805181310,2017-08-05 18:13:10,2017-08-05 23:59:59,ev_K,K,4,
20170805181320,2017-08-05 18:13:20,2017-08-05 23:59:59,ev_C,C,6,
20170805181330,2017-08-05 18:13:30,2017-08-05 23:59:59,ev_C,C,12,
20170805181340,2017-08-05 18:13:40,2017-08-05 23:59:59,ev_C,C,13,
20170805181350,2017-08-05 18:13:50,2017-08-05 23:59:59,ev_C,C,18,
20170805181400,2017-08-05 18:14:00,2017-08-05 23:59:59,ev_C,C,2,
20170805181410,2017-08-05 18:14:10,2017-08-05 23:59:59,ev_C,C,9,
20170805181420,2017-08-05 18:14:20,2017-08-05 23:59:59,ev_C,C,20,
20170805181430,2017-08-05 18:14:30,2017-08-05 23:59:59,ev_C,C,14,
20170805181440,2017-08-05 18:14:40,2017-08-05 23:59:59,ev_C,C,19,
20170805181450,2017-08-05 18:14:50,2017-08-05 23:59:59,ev_K,K,3,
20170805181500,2017-08-05 18:15:00,2017-08-05 23:59:59,ev_K,K,4,
20170805181510,2017-08-05 18:15:10,2017-08-05 23:59:59,ev_C,C,14,
20170805181520,2017-08-05 18:15:20,2017-08-05 23:59:59,ev_C,C,4,
20170805181530,2017-08-05 18:15:30,2017-08-05 23:59:59,ev_C,C,18,
20170805181540,2017-08-05 18:15:40,2017-08-05 23:59:59,ev_C,C,20,
20170805181550,2017-08-05 18:15:50,2017-08-05 23:59:59,ev_C,C,9,
20170805181600,2017-08-05 18:16:00,2017-08-05 23:59:59,ev_C,C,10,
20170805181610,2017-08-05 18:16:10,2017-08-05 23:59:59,ev_C,C,5,
20170805181620,2017-08-05 18:16:20,2017-08-05 23:59:59,ev_C,C,17,
20170805181630,2017-08-05 18:16:30,2017-08-05 23:59:59,ev_C,C,11,
20170805181640,2017-08-05 18:16:40,2017-08-05 23:59:59,ev_C,C,1,
20170805181650,2017-08-05 18:16:50,2017-08-05 23:59:59,ev_K,K,3,
20170805181700,2017-08-05 18:17:00,2017-08-05 23:59:59,ev_K,K,5,
20170805181710,2017-08-05 18:17:10,2017-08-05 23:59:59,ev_C,C,7,
20170805181720,2017-08-05 18:17:20,2017-08-05 23:59:59,ev_C,C,2,
20170805181730,2017-08-05 18:17:30,2017-08-05 23:59:59,ev_C,C,20,
20170805181740,2017-08-05 18:17:40,2017-08-05 23:59:59,ev_K,K,1,
20170805181750,2017-08-05 18:17:50,2017-08-05 23:59:59,ev_C,C,12,
20170805181800,2017-08-05 18:18:00,2017-08-05 23:59:59,ev_C,C,12,
20170805181810,2017-08-05 18:18:10,2017-08-05 23:59:59,ev_K,K,1,
20170805181820,2017-08-05 18:18:20,2017-08-05 23:59:59,ev_C,C,16,
20170805181830,2017-08-05 18:18:30,2017-08-05 23:59:59,ev_C,C,14,
20170805181840,2017-08-05 18:18:40,2017-08-05 23:59:59,ev_N,K,5,
20170805181850,2017-08-05 18:18:50,2017-08-05 23:59:59,ev_C,C,20,
20170805181900,2017-08-05 18:19:00,2017-08-05 23:59:59,ev_K,K,2,
20170805181910,2017-08-05 18:19:10,2017-08-05 23:59:59,ev_C,C,15,
20170805181920,2017-08-05 18:19:20,2017-08-05 23:59:59,ev_C,C,18,
20170805181930,2017-08-05 18:19:30,2017-08-05 23:59:59,ev_C,C,3,
20170805181940,2017-08-05 18:19:40,2017-08-05 23:59:59,ev_N,K,3,
20170805181950,2017-08-05 18:19:50,2017-08-05 23:59:59,ev_K,K,2,
20170805182000,2017-08-05 18:20:00,2017-08-05 23:59:59,ev_C,C,18,
20170805182010,2017-08-05 18:20:10,2017-08-05 23:59:59,ev_K,K,2,
20170805182020,2017-08-05 18:20:20,2017-08-05 23:59:59,ev_C,C,3,
20170805182030,2017-08-05 18:20:30,2017-08-05 23:59:59,ev_C,C,4,
20170805182040,2017-08-05 18:20:40,2017-08-05 23:59:59,ev_C,C,18,
20170805182050,2017-08-05 18:20:50,2017-08-05 23:59:59,ev_C,C,8,
20170805182100,2017-08-05 18:21:00,2017-08-05 23:59:59,ev_K,K,3,
20170805182110,2017-08-05 18:21:10,2017-08-05 23:59:59,ev_C,C,12,
20170805182120,2017-08-05 18:21:20,2017-08-05 23:59:59,ev_C,C,7,
20170805182130,2017-08-05 18:21:30,2017-08-05 23:59:59,ev_N,K,1,
20170805182140,2017-08-05 18:21:40,2017-08-05 23:59:59,ev_K,K,2,
20170805182150,2017-08-05 18:21:50,2017-08-05 23:59:59,ev_C,C,12,
20170805182200,2017-08-05 18:22:00,2017-08-05 23:59:59,ev_C,C,12,
20170805182210,2017-08-05 18:22:10,2017-08-05 23:59:59,ev_C,C,6,
20170805182220,2017-08-05 18:22:20,2017-08-05 23:59:59,ev_C,C,4,
20170805182230,2017-08-05 18:22:30,2017-08-05 23:59:59,ev_C,C,2,
20170805182240,2017-08-05 18:22:40,2017-08-05 23:59:59,ev_C,C,6,
20170805182250,2017-08-05 18:22:50,2017-08-05 23:59:59,ev_C,C,10,
20170805182300,2017-08-05 18:23:00,2017-08-05 23:59:59,ev_K,K,5,
20170805182310,2017-08-05 18:23:10,2017-08-05 23:59:59,ev_C,C,4,
20170805182320,2017-08-05 18:23:20,2017-08-05 23:59:59,ev_C,C,18,
20170805182330,2017-08-05 18:23:30,2017-08-05 23:59:59,ev_C,C,2,
20170805182340,2017-08-05 18:23:40,2017-08-05 23:59:59,ev_C,C,3,
20170805182350,2017-08-05 18:23:50,2017-08-05 23:59:59,ev_C,C,9,
20170805182400,2017-08-05 18:24:00,2017-08-05 23:59:59,ev_C,C,12,
20170805182410,2017-08-05 18:24:10,2017-08-05 23:59:59,ev_C,C,10,
20170805182420,2017-08-05 18:24:20,2017-08-05 23:59:59,ev_C,C,14,
20170805182430,2017-08-05 18:24:30,2017-08-05 23:59:59,ev_C,C,15,
20170805182440,2017-08-05 18:24:40,2017-08-05 23:59:59,ev_K,K,1,
20170805182450,2017-08-05 18:24:50,2017-08-05 23:59:59,ev_C,C,15,
20170805182500,2017-08-05 18:25:00,2017-08-05 23:59:59,ev_C,C,8,
20170805182510,2017-08-05 18:25:10,2017-08-05 23:59:59,ev_C,C,9,
20170805182520,2017-08-05 18:25:20,2017-08-05 23:59:59,ev_C,C,8,
20170805182530,2017-08-05 18:25:30,2017-08-05 23:59:59,ev_C,C,18,
20170805182540,2017-08-05 18:25:40,2017-08-05 23:59:59,ev_C,C,19,
20170805182550,2017-08-05 18:25:50,2017-08-05 23:59:59,ev_C,C,10,
20170805182600,2017-08-05 18:26:00,2017-08-05 23:59:59,ev_C,C,3,
20170805182610,2017-08-05 18:26:10,2017-08-05 23:59:59,ev_C,C,14,
20170805182620,2017-08-05 18:26:20,2017-08-05 23:59:59,ev_N,K,5,
20170805182630,2017-08-05 18:26:30,2017-08-05 23:59:59,ev_C,C,3,
20170805182640,2017-08-05 18:26:40,2017-08-05 23:59:59,ev_C,C,12,
20170805182650,2017-08-05 18:26:50,2017-08-05 23:59:59,ev_C,C,13,
20170805182700,2017-08-05 18:27:00,2017-08-05 23:59:59,ev_C,C,13,
20170805182710,2017-08-05 18:27:10,2017-08-05 23:59:59,ev_C,C,13,
20170805182720,2017-08-05 18:27:20,2017-08-05 23:59:59,ev_C,C,15,
20170805182730,2017-08-05 18:27:30,2017-08-05 23:59:59,ev_K,K,1,
20170805182740,2017-08-05 18:27:40,2017-08-05 23:59:59,ev_C,C,8,
20170805182750,2017-08-05 18:27:50,2017-08-05 23:59:59,ev_N,K,4,
20170805182800,2017-08-05 18:28:00,2017-08-05 23:59:59,ev_C,C,9,
20170805182810,2017-08-05 18:28:10,2017-08-05 23:59:59,ev_C,C,12,
20170805182820,2017-08-05 18:28:20,2017-08-05 23:59:59,ev_C,C,10,
20170805182830,2017-08-05 18:28:30,2017-08-05 23:59:59,ev_C,C,17,
20170805182840,2017-08-05 18:28:40,2017-08-05 23:59:59,ev_C,C,2,
20170805182850,2017-08-05 18:28:50,2017-08-05 23:59:59,ev_C,C,3,
20170805182900,2017-08-05 18:29:00,2017-08-05 23:59:59,ev_C,C,2,
20170805182910,2017-08-05 18:29:10,2017-08-05 23:59:59,ev_K,K,3,
20170805182920,2017-08-05 18:29:20,2017-08-05 23:59:59,ev_C,C,13,
20170805182930,2017-08-05 18:29:30,2017-08-05 23:59:59,ev_C,C,5,
20170805182940,2017-08-05 18:29:40,2017-08-05 23:59:59,ev_C,C,12,
20170805182950,2017-08-05 18:29:50,2017-08-05 23:59:59,ev_C,C,15,
20170805183000,2017-08-05 18:30:00,2017-08-05 23:59:59,ev_C,C,3,
20170805183010,2017-08-05 18:30:10,2017-08-05 23:59:59,ev_K,K,2,
20170805183020,2017-08-05 18:30:20,2017-08-05 23:59:59,ev_C,C,1,
20170805183030,2017-08-05 18:30:30,2017-08-05 23:59:59,ev_C,C,2,
20170805183040,2017-08-05 18:30:40,2017-08-05 23:59:59,ev_C,C,20,
20170805183050,2017-08-05 18:30:50,2017-08-05 23:59:59,ev_K,K,1,
20170805183100,2017-08-05 18:31:00,2017-08-05 23:59:59,ev_C,C,12,
20170805183110,2017-08-05 18:31:10,2017-08-05 23:59:59,ev_C,C,10,
20170805183120,2017-08-05 18:31:20,2017-08-05 23:59:59,ev_C,C,10,
20170805183130,2017-08-05 18:31:30,2017-08-05 23:59:59,ev_K,K,1,
20170805183140,2017-08-05 18:31:40,2017-08-05 23:59:59,ev_C,C,6,
20170805183150,2017-08-05 18:31:50,2017-08-05 23:59:59,ev_C,C,20,
20170805183200,2017-08-05 18:32:00,2017-08-05 23:59:59,ev_C,C,8,
20170805183210,2017-08-05 18:32:10,2017-08-05 23:59:59,ev_C,C,14,
20170805183220,2017-08-05 18:32:20,2017-08-05 23:59:59,ev_K,K,4,
20170805183230,2017-08-05 18:32:30,2017-08-05 23:59:59,ev_C,C,4,
20170805183240,2017-08-05 18:32:40,2017-08-05 23:59:59,ev_C,C,6,
20170805183250,2017-08-05 18:32:50,2017-08-05 23:59:59,ev_K,K,5,
20170805183300,2017-08-05 18:33:00,2017-08-05 23:59:59,ev_C,C,10,
20170805183310,2017-08-05 18:33:10,2017-08-05 23:59:59,ev_C,C,11,
20170805183320,2017-08-05 18:33:20,2017-08-05 23:59:59,ev_C,C,3,
20170805183330,2017-08-05 18:33:30,2017-08-05 23:59:59,ev_C,C,4,
20170805183340,2017-08-05 18:33:40,2017-08-05 23:59:59,ev_C,C,20,
20170805183350,2017-08-05 18:33:50,2017-08-05 23:59:59,ev_C,C,19,
20170805183400,2017-08-05 18:34:00,2017-08-05 23:59:59,ev_C,C,10,
20170805183410,2017-08-05 18:34:10,2017-08-05 23:59:59,ev_K,K,2,
20170805183420,2017-08-05 18:34:20,2017-08-05 23:59:59,ev_C,C,16,
20170805183430,2017-08-05 18:34:30,2017-08-05 23:59:59,ev_C,C,5,
20170805183440,2017-08-05 18:34:40,2017-08-05 23:59:59,ev_C,C,20,
20170805183450,2017-08-05 18:34:50,2017-08-05 23:59:59,ev_K,K,5,
20170805183500,2017-08-05 18:35:00,2017-08-05 23:59:59,ev_C,C,12,
20170805183510,2017-08-05 18:35:10,2017-08-05 23:59:59,ev_N,K,5,
20170805183520,2017-08-05 18:35:20,2017-08-05 23:59:59,ev_K,K,1,
20170805183530,2017-08-05 18:35:30,2017-08-05 23:59:59,ev_C,C,7,
20170805183540,2017-08-05 18:35:40,2017-08-05 23:59:59,ev_C,C,2,
20170805183550,2017-08-05 18:35:50,2017-08-05 23:59:59,ev_C,C,12,
20170805183600,2017-08-05 18:36:00,2017-08-05 23:59:59,ev_C,C,9,
20170805183610,2017-08-05 18:36:10,2017-08-05 23:59:59,ev_N,K,1,
20170805183620,2017-08-05 18:36:20,2017-08-05 23:59:59,ev_C,C,14,
20170805183630,2017-08-05 18:36:30,2017-08-05 23:59:59,ev_C,C,19,
20170805183640,2017-08-05 18:36:40,2017-08-05 23:59:59,ev_C,C,16,
20170805183650,2017-08-05 18:36:50,2017-08-05 23:59:59,ev_C,C,2,
20170805183700,2017-08-05 18:37:00,2017-08-05 23:59:59,ev_C,C,5,
20170805183710,2017-08-05 18:37:10,2017-08-05 23:59:59,ev_C,C,19,
20170805183720,2017-08-05 18:37:20,2017-08-05 23:59:59,ev_C,C,4,
20170805183730,2017-08-05 18:37:30,2017-08-05 23:59:59,ev_C,C,17,
20170805183740,2017-08-05 18:37:40,2017-08-05 23:59:59,ev_C,C,20,
20170805183750,2017-08-05 18:37:50,2017-08-05 23:59:59,ev_C,C,5,
20170805183800,2017-08-05 18:38:00,2017-08-05 23:59:59,ev_K,K,3,
20170805183810,2017-08-05 18:38:10,2017-08-05 23:59:59,ev_K,K,2,
20170805183820,2017-08-05 18:38:20,2017-08-05 23:59:59,ev_C,C,9,
20170805183830,2017-08-05 18:38:30,2017-08-05 23:59:59,ev_K,K,5,
20170805183840,2017-08-05 18:38:40,2017-08-05 23:59:59,ev_N,K,4,
20170805183850,2017-08-05 18:38:50,2017-08-05 23:59:59,ev_N,K,1,
20170805183900,2017-08-05 18:39:00,2017-08-05 23:59:59,ev_C,C,10,
20170805183910,2017-08-05 18:39:10,2017-08-05 23:59:59,ev_C,C,15,
20170805183920,2017-08-05 18:39:20,2017-08-05 23:59:59,ev_C,C,10,
20170805183930,2017-08-05 18:39:30,2017-08-05 23:59:59,ev_K,K,4,
20170805183940,2017-08-05 18:39:40,2017-08-05 23:59:59,ev_N,K,2,
20170805183950,2017-08-05 18:39:50,2017-08-05 23:59:59,ev_C,C,5,
20170805184000,2017-08-05 18:40:00,2017-08-05 23:59:59,ev_N,K,2,
20170805184010,2017-08-05 18:40:10,2017-08-05 23:59:59,ev_C,C,2,
20170805184020,2017-08-05 18:40:20,2017-08-05 23:59:59,ev_C,C,17,
20170805184030,2017-08-05 18:40:30,2017-08-05 23:59:59,ev_C,C,15,
20170805184040,2017-08-05 18:40:40,2017-08-05 23:59:59,ev_C,C,2,
20170805184050,2017-08-05 18:40:50,2017-08-05 23:59:59,ev_C,C,12,
20170805184100,2017-08-05 18:41:00,2017-08-05 23:59:59,ev_C,C,19,
20170805184110,2017-08-05 18:41:10,2017-08-05 23:59:59,ev_C,C,14,
20170805184120,2017-08-05 18:41:20,2017-08-05 23:59:59,ev_C,C,2,
20170805184130,2017-08-05 18:41:30,2017-08-05 23:59:59,ev_C,C,5,
20170805184140,2017-08-05 18:41:40,2017-08-05 23:59:59,ev_C,C,7,
20170805184150,2017-08-05 18:41:50,2017-08-05 23:59:59,ev_K,K,2,
20170805184200,2017-08-05 18:42:00,2017-08-05 23:59:59,ev_C,C,13,
20170805184210,2017-08-05 18:42:10,2017-08-05 23:59:59,ev_C,C,9,
20170805184220,2017-08-05 18:42:20,2017-08-05 23:59:59,ev_C,C,18,
20170805184230,2017-08-05 18:42:30,2017-08-05 23:59:59,ev_C,C,12,
20170805184240,2017-08-05 18:42:40,2017-08-05 23:59:59,ev_C,C,11,
20170805184250,2017-08-05 18:42:50,2017-08-05 23:59:59,ev_C,C,13,
20170805184300,2017-08-05 18:43:00,2017-08-05 23:59:59,ev_C,C,5,
20170805184310,2017-08-05 18:43:10,2017-08-05 23:59:59,ev_C,C,5,
20170805184320,2017-08-05 18:43:20,2017-08-05 23:59:59,ev_C,C,19,
20170805184330,2017-08-05 18:43:30,2017-08-05 23:59:59,ev_K,K,2,
20170805184340,2017-08-05 18:43:40,2017-08-05 23:59:59,ev_C,C,17,
20170805184350,2017-08-05 18:43:50,2017-08-05 23:59:59,ev_C,C,10,
20170805184400,2017-08-05 18:44:00,2017-08-05 23:59:59,ev_C,C,19,
20170805184410,2017-08-05 18:44:10,2017-08-05 23:59:59,ev_C,C,3,
20170805184420,2017-08-05 18:44:20,2017-08-05 23:59:59,ev_C,C,12,
20170805184430,2017-08-05 18:44:30,2017-08-05 23:59:59,ev_K,K,1,
20170805184440,2017-08-05 18:44:40,2017-08-05 23:59:59,ev_C,C,4,
20170805184450,2017-08-05 18:44:50,2017-08-05 23:59:59,ev_K,K,1,
20170805184500,2017-08-05 18:45:00,2017-08-05 23:59:59,ev_K,K,5,
20170805184510,2017-08-05 18:45:10,2017-08-05 23:59:59,ev_C,C,8,
20170805184520,2017-08-05 18:45:20,2017-08-05 23:59:59,ev_C,C,13,
20170805184530,2017-08-05 18:45:30,2017-08-05 23:59:59,ev_N,K,5,
20170805184540,2017-08-05 18:45:40,2017-08-05 23:59:59,ev_C,C,18,
20170805184550,2017-08-05 18:45:50,2017-08-05 23:59:59,ev_C,C,17,
20170805184600,2017-08-05 18:46:00,2017-08-05 23:59:59,ev_C,C,6,
20170805184610,2017-08-05 18:46:10,2017-08-05 23:59:59,ev_C,C,11,
20170805184620,2017-08-05 18:46:20,2017-08-05 23:59:59,ev_C,C,10,
20170805184630,2017-08-05 18:46:30,2017-08-05 23:59:59,ev_N,K,3,
20170805184640,2017-08-05 18:46:40,2017-08-05 23:59:59,ev_C,C,16,
20170805184650,2017-08-05 18:46:50,2017-08-05 23:59:59,ev_K,K,1,
20170805184700,2017-08-05 18:47:00,2017-08-05 23:59:59,ev_C,C,1,
20170805184710,2017-08-05 18:47:10,2017-08-05 23:59:59,ev_C,C,14,
20170805184720,2017-08-05 18:47:20,2017-08-05 23:59:59,ev_K,K,5,
20170805184730,2017-08-05 18:47:30,2017-08-05 23:59:59,ev_K,K,4,
20170805184740,2017-08-05 18:47:40,2017-08-05 23:59:59,ev_C,C,4,
20170805184750,2017-08-05 18:47:50,2017-08-05 23:59:59,ev_C,C,3,
20170805184800,2017-08-05 18:48:00,2017-08-05 23:59:59,ev_K,K,4,
20170805184810,2017-08-05 18:48:10,2017-08-05 23:59:59,ev_K,K,1,
20170805184820,2017-08-05 18:48:20,2017-08-05 23:59:59,ev_C,C,16,
20170805184830,2017-08-05 18:48:30,2017-08-05 23:59:59,ev_C,C,2,
20170805184840,2017-08-05 18:48:40,2017-08-05 23:59:59,ev_C,C,20,
20170805184850,2017-08-05 18:48:50,2017-08-05 23:59:59,ev_C,C,10,
20170805184900,2017-08-05 18:49:00,2017-08-05 23:59:59,ev_K,K,1,
20170805184910,2017-08-05 18:49:10,2017-08-05 23:59:59,ev_C,C,14,
20170805184920,2017-08-05 18:49:20,2017-08-05 23:59:59,ev_C,C,17,
20170805184930,2017-08-05 18:49:30,2017-08-05 23:59:59,ev_C,C,19,
20170805184940,2017-08-05 18:49:40,2017-08-05 23:59:59,ev_C,C,5,
20170805184950,2017-08-05 18:49:50,2017-08-05 23:59:59,ev_K,K,2,
20170805185000,2017-08-05 18:50:00,2017-08-05 23:59:59,ev_C,C,15,
20170805185010,2017-08-05 18:50:10,2017-08-05 23:59:59,ev_C,C,13,
20170805185020,2017-08-05 18:50:20,2017-08-05 23:59:59,ev_K,K,3,
20170805185030,2017-08-05 18:50:30,2017-08-05 23:59:59,ev_C,C,16,
20170805185040,2017-08-05 18:50:40,2017-08-05 23:59:59,ev_C,C,18,
20170805185050,2017-08-05 18:50:50,2017-08-05 23:59:59,ev_C,C,17,
20170805185100,2017-08-05 18:51:00,2017-08-05 23:59:59,ev_K,K,5,
20170805185110,2017-08-05 18:51:10,2017-08-05 23:59:59,ev_C,C,8,
20170805185120,2017-08-05 18:51:20,2017-08-05 23:59:59,ev_C,C,11,
20170805185130,2017-08-05 18:51:30,2017-08-05 23:59:59,ev_C,C,18,
20170805185140,2017-08-05 18:51:40,2017-08-05 23:59:59,ev_C,C,12,
20170805185150,2017-08-05 18:51:50,2017-08-05 23:59:59,ev_C,C,10,
20170805185200,2017-08-05 18:52:00,2017-08-05 23:59:59,ev_C,C,6,
20170805185210,2017-08-05 18:52:10,2017-08-05 23:59:59,ev_K,K,1,
20170805185220,2017-08-05 18:52:20,2017-08-05 23:59:59,ev_C,C,6,
20170805185230,2017-08-05 18:52:30,2017-08-05 23:59:59,ev_C,C,10,
20170805185240,2017-08-05 18:52:40,2017-08-05 23:59:59,ev_C,C,12,
20170805185250,2017-08-05 18:52:50,2017-08-05 23:59:59,ev_K,K,4,
20170805185300,2017-08-05 18:53:00,2017-08-05 23:59:59,ev_C,C,2,
20170805185310,2017-08-05 18:53:10,2017-08-05 23:59:59,ev_K,K,2,
20170805185320,2017-08-05 18:53:20,2017-08-05 23:59:59,ev_C,C,13,
20170805185330,2017-08-05 18:53:30,2017-08-05 23:59:59,ev_C,C,10,
20170805185340,2017-08-05 18:53:40,2017-08-05 23:59:59,ev_N,K,2,
20170805185350,2017-08-05 18:53:50,2017-08-05 23:59:59,ev_C,C,11,
20170805185400,2017-08-05 18:54:00,2017-08-05 23:59:59,ev_C,C,19,
20170805185410,2017-08-05 18:54:10,2017-08-05 23:59:59,ev_C,C,8,
20170805185420,2017-08-05 18:54:20,2017-08-05 23:59:59,ev_K,K,5,
20170805185430,2017-08-05 18:54:30,2017-08-05 23:59:59,ev_C,C,17,
20170805185440,2017-08-05 18:54:40,2017-08-05 23:59:59,ev_C,C,19,
20170805185450,2017-08-05 18:54:50,2017-08-05 23:59:59,ev_C,C,10,
20170805185500,2017-08-05 18:55:00,2017-08-05 23:59:59,ev_K,K,1,
20170805185510,2017-08-05 18:55:10,2017-08-05 23:59:59,ev_C,C,17,
20170805185520,2017-08-05 18:55:20,2017-08-05 23:59:59,ev_C,C,6,
20170805185530,2017-08-05 18:55:30,2017-08-05 23:59:59,ev_N,K,3,
20170805185540,2017-08-05 18:55:40,2017-08-05 23:59:59,ev_K,K,1,
20170805185550,2017-08-05 18:55:50,2017-08-05 23:59:59,ev_C,C,19,
20170805185600,2017-08-05 18:56:00,2017-08-05 23:59:59,ev_C,C,6,
20170805185610,2017-08-05 18:56:10,2017-08-05 23:59:59,ev_C,C,8,
20170805185620,2017-08-05 18:56:20,2017-08-05 23:59:59,ev_C,C,19,
20170805185630,2017-08-05 18:56:30,2017-08-05 23:59:59,ev_C,C,3,
20170805185640,2017-08-05 18:56:40,2017-08-05 23:59:59,ev_C,C,6,
20170805185650,2017-08-05 18:56:50,2017-08-05 23:59:59,ev_C,C,19,
20170805185700,2017-08-05 18:57:00,2017-08-05 23:59:59,ev_C,C,10,
20170805185710,2017-08-05 18:57:10,2017-08-05 23:59:59,ev_C,C,2,
20170805185720,2017-08-05 18:57:20,2017-08-05 23:59:59,ev_C,C,8,
20170805185730,2017-08-05 18:57:30,2017-08-05 23:59:59,ev_C,C,12,
20170805185740,2017-08-05 18:57:40,2017-08-05 23:59:59,ev_C,C,13,
20170805185750,2017-08-05 18:57:50,2017-08-05 23:59:59,ev_C,C,8,
20170805185800,2017-08-05 18:58:00,2017-08-05 23:59:59,ev_K,K,1,
20170805185810,2017-08-05 18:58:10,2017-08-05 23:59:59,ev_C,C,12,
20170805185820,2017-08-05 18:58:20,2017-08-05 23:59:59,ev_K,K,1,
20170805185830,2017-08-05 18:58:30,2017-08-05 23:59:59,ev_K,K,4,
20170805185840,2017-08-05 18:58:40,2017-08-05 23:59:59,ev_C,C,2,
20170805185850,2017-08-05 18:58:50,2017-08-05 23:59:59,ev_K,K,2,
20170805185900,2017-08-05 18:59:00,2017-08-05 23:59:59,ev_C,C,9,
20170805185910,2017-08-05 18:59:10,2017-08-05 23:59:59,ev_C,C,20,
20170805185920,2017-08-05 18:59:20,2017-08-05 23:59:59,ev_C,C,14,
20170805185930,2017-08-05 18:59:30,2017-08-05 23:59:59,ev_C,C,11,
20170805185940,2017-08-05 18:59:40,2017-08-05 23:59:59,ev_K,K,2,
20170805185950,2017-08-05 18:59:50,2017-08-05 23:59:59,ev_N,K,2,
20170805190000,2017-08-05 19:00:00,2017-08-05 23:59:59,ev_C,C,3,
20170805190010,2017-08-05 19:00:10,2017-08-05 23:59:59,ev_K,K,1,
20170805190020,2017-08-05 19:00:20,2017-08-05 23:59:59,ev_C,C,2,
20170805190030,2017-08-05 19:00:30,2017-08-05 23:59:59,ev_C,C,16,
20170805190040,2017-08-05 19:00:40,2017-08-05 23:59:59,ev_K,K,2,
20170805190050,2017-08-05 19:00:50,2017-08-05 23:59:59,ev_N,K,5,
20170805190100,2017-08-05 19:01:00,2017-08-05 23:59:59,ev_C,C,2,
20170805190110,2017-08-05 19:01:10,2017-08-05 23:59:59,ev_C,C,8,
20170805190120,2017-08-05 19:01:20,2017-08-05 23:59:59,ev_C,C,1,
20170805190130,2017-08-05 19:01:30,2017-08-05 23:59:59,ev_C,C,2,
20170805190140,2017-08-05 19:01:40,2017-08-05 23:59:59,ev_K,K,2,
20170805190150,2017-08-05 19:01:50,2017-08-05 23:59:59,ev_C,C,13,
20170805190200,2017-08-05 19:02:00,2017-08-05 23:59:59,ev_C,C,4,
20170805190210,2017-08-05 19:02:10,2017-08-05 23:59:59,ev_C,C,4,
20170805190220,2017-08-05 19:02:20,2017-08-05 23:59:59,ev_C,C,7,
20170805190230,2017-08-05 19:02:30,2017-08-05 23:59:59,ev_C,C,18,
20170805190240,2017-08-05 19:02:40,2017-08-05 23:59:59,ev_C,C,12,
20170805190250,2017-08-05 19:02:50,2017-08-05 23:59:59,ev_C,C,1,
20170805190300,2017-08-05 19:03:00,2017-08-05 23:59:59,ev_C,C,11,
20170805190310,2017-08-05 19:03:10,2017-08-05 23:59:59,ev_C,C,4,
20170805190320,2017-08-05 19:03:20,2017-08-05 23:59:59,ev_C,C,8,
20170805190330,2017-08-05 19:03:30,2017-08-05 23:59:59,ev_C,C,11,
20170805190340,2017-08-05 19:03:40,2017-08-05 23:59:59,ev_N,K,1,
20170805190350,2017-08-05 19:03:50,2017-08-05 23:59:59,ev_K,K,2,
20170805190400,2017-08-05 19:04:00,2017-08-05 23:59:59,ev_C,C,15,
20170805190410,2017-08-05 19:04:10,2017-08-05 23:59:59,ev_C,C,6,
20170805190420,2017-08-05 19:04:20,2017-08-05 23:59:59,ev_C,C,6,
20170805190430,2017-08-05 19:04:30,2017-08-05 23:59:59,ev_N,K,1,
20170805190440,2017-08-05 19:04:40,2017-08-05 23:59:59,ev_C,C,7,
20170805190450,2017-08-05 19:04:50,2017-08-05 23:59:59,ev_C,C,7,
20170805190500,2017-08-05 19:05:00,2017-08-05 23:59:59,ev_C,C,3,
20170805190510,2017-08-05 19:05:10,2017-08-05 23:59:59,ev_C,C,18,
20170805190520,2017-08-05 19:05:20,2017-08-05 23:59:59,ev_C,C,20,
20170805190530,2017-08-05 19:05:30,2017-08-05 23:59:59,ev_K,K,4,
20170805190540,2017-08-05 19:05:40,2017-08-05 23:59:59,ev_K,K,2,
20170805190550,2017-08-05 19:05:50,2017-08-05 23:59:59,ev_C,C,18,
20170805190600,2017-08-05 19:06:00,2017-08-05 23:59:59,ev_N,K,4,
20170805190610,2017-08-05 19:06:10,2017-08-05 23:59:59,ev_C,C,6,
20170805190620,2017-08-05 19:06:20,2017-08-05 23:59:59,ev_C,C,19,
20170805190630,2017-08-05 19:06:30,2017-08-05 23:59:59,ev_C,C,12,
20170805190640,2017-08-05 19:06:40,2017-08-05 23:59:59,ev_C,C,7,
20170805190650,2017-08-05 19:06:50,2017-08-05 23:59:59,ev_C,C,6,
20170805190700,2017-08-05 19:07:00,2017-08-05 23:59:59,ev_C,C,2,
20170805190710,2017-08-05 19:07:10,2017-08-05 23:59:59,ev_C,C,15,
20170805190720,2017-08-05 19:07:20,2017-08-05 23:59:59,ev_K,K,1,
20170805190730,2017-08-05 19:07:30,2017-08-05 23:59:59,ev_N,K,4,
20170805190740,2017-08-05 19:07:40,2017-08-05 23:59:59,ev_C,C,16,
20170805190750,2017-08-05 19:07:50,2017-08-05 23:59:59,ev_C,C,17,
20170805190800,2017-08-05 19:08:00,2017-08-05 23:59:59,ev_C,C,14,
20170805190810,2017-08-05 19:08:10,2017-08-05 23:59:59,ev_C,C,15,
20170805190820,2017-08-05 19:08:20,2017-08-05 23:59:59,ev_C,C,10,
20170805190830,2017-08-05 19:08:30,2017-08-05 23:59:59,ev_C,C,17,
20170805190840,2017-08-05 19:08:40,2017-08-05 23:59:59,ev_C,C,11,
20170805190850,2017-08-05 19:08:50,2017-08-05 23:59:59,ev_K,K,1,
20170805190900,2017-08-05 19:09:00,2017-08-05 23:59:59,ev_C,C,20,
20170805190910,2017-08-05 19:09:10,2017-08-05 23:59:59,ev_K,K,2,
20170805190920,2017-08-05 19:09:20,2017-08-05 23:59:59,ev_C,C,1,
20170805190930,2017-08-05 19:09:30,2017-08-05 23:59:59,ev_K,K,2,
20170805190940,2017-08-05 19:09:40,2017-08-05 23:59:59,ev_K,K,5,
20170805190950,2017-08-05 19:09:50,2017-08-05 23:59:59,ev_C,C,19,
20170805191000,2017-08-05 19:10:00,2017-08-05 23:59:59,ev_C,C,5,
20170805191010,2017-08-05 19:10:10,2017-08-05 23:59:59,ev_N,K,4,
20170805191020,2017-08-05 19:10:20,2017-08-05 23:59:59,ev_C,C,19,
20170805191030,2017-08-05 19:10:30,2017-08-05 23:59:59,ev_K,K,2,
20170805191040,2017-08-05 19:10:40,2017-08-05 23:59:59,ev_C,C,4,
20170805191050,2017-08-05 19:10:50,2017-08-05 23:59:59,ev_C,C,13,
20170805191100,2017-08-05 19:11:00,2017-08-05 23:59:59,ev_C,C,1,
20170805191110,2017-08-05 19:11:10,2017-08-05 23:59:59,ev_C,C,1,
20170805191120,2017-08-05 19:11:20,2017-08-05 23:59:59,ev_K,K,5,
20170805191130,2017-08-05 19:11:30,2017-08-05 23:59:59,ev_C,C,9,
20170805191140,2017-08-05 19:11:40,2017-08-05 23:59:59,ev_C,C,12,
20170805191150,2017-08-05 19:11:50,2017-08-05 23:59:59,ev_C,C,4,
20170805191200,2017-08-05 19:12:00,2017-08-05 23:59:59,ev_C,C,18,
20170805191210,2017-08-05 19:12:10,2017-08-05 23:59:59,ev_C,C,1,
20170805191220,2017-08-05 19:12:20,2017-08-05 23:59:59,ev_C,C,2,
20170805191230,2017-08-05 19:12:30,2017-08-05 23:59:59,ev_C,C,17,
20170805191240,2017-08-05 19:12:40,2017-08-05 23:59:59,ev_C,C,1,
20170805191250,2017-08-05 19:12:50,2017-08-05 23:59:59,ev_K,K,4,
20170805191300,2017-08-05 19:13:00,2017-08-05 23:59:59,ev_C,C,9,
20170805191310,2017-08-05 19:13:10,2017-08-05 23:59:59,ev_C,C,13,
20170805191320,2017-08-05 19:13:20,2017-08-05 23:59:59,ev_K,K,3,
20170805191330,2017-08-05 19:13:30,2017-08-05 23:59:59,ev_K,K,3,
20170805191340,2017-08-05 19:13:40,2017-08-05 23:59:59,ev_C,C,12,
20170805191350,2017-08-05 19:13:50,2017-08-05 23:59:59,ev_C,C,16,
20170805191400,2017-08-05 19:14:00,2017-08-05 23:59:59,ev_C,C,6,
20170805191410,2017-08-05 19:14:10,2017-08-05 23:59:59,ev_C,C,9,
20170805191420,2017-08-05 19:14:20,2017-08-05 23:59:59,ev_C,C,14,
20170805191430,2017-08-05 19:14:30,2017-08-05 23:59:59,ev_C,C,19,
20170805191440,2017-08-05 19:14:40,2017-08-05 23:59:59,ev_C,C,7,
20170805191450,2017-08-05 19:14:50,2017-08-05 23:59:59,ev_C,C,12,
20170805191500,2017-08-05 19:15:00,2017-08-05 23:59:59,ev_C,C,11,
20170805191510,2017-08-05 19:15:10,2017-08-05 23:59:59,ev_C,C,4,
20170805191520,2017-08-05 19:15:20,2017-08-05 23:59:59,ev_C,C,3,
20170805191530,2017-08-05 19:15:30,2017-08-05 23:59:59,ev_C,C,18,
20170805191540,2017-08-05 19:15:40,2017-08-05 23:59:59,ev_C,C,10,
20170805191550,2017-08-05 19:15:50,2017-08-05 23:59:59,ev_C,C,8,
20170805191600,2017-08-05 19:16:00,2017-08-05 23:59:59,ev_K,K,3,
20170805191610,2017-08-05 19:16:10,2017-08-05 23:59:59,ev_C,C,8,
20170805191620,2017-08-05 19:16:20,2017-08-05 23:59:59,ev_K,K,2,
20170805191630,2017-08-05 19:16:30,2017-08-05 23:59:59,ev_K,K,3,
20170805191640,2017-08-05 19:16:40,2017-08-05 23:59:59,ev_K,K,1,
20170805191650,2017-08-05 19:16:50,2017-08-05 23:59:59,ev_C,C,4,
20170805191700,2017-08-05 19:17:00,2017-08-05 23:59:59,ev_K,K,5,
20170805191710,2017-08-05 19:17:10,2017-08-05 23:59:59,ev_C,C,8,
20170805191720,2017-08-05 19:17:20,2017-08-05 23:59:59,ev_C,C,16,
20170805191730,2017-08-05 19:17:30,2017-08-05 23:59:59,ev_C,C,10,
20170805191740,2017-08-05 19:17:40,2017-08-05 23:59:59,ev_C,C,6,
20170805191750,2017-08-05 19:17:50,2017-08-05 23:59:59,ev_K,K,1,
20170805191800,2017-08-05 19:18:00,2017-08-05 23:59:59,ev_C,C,16,
20170805191810,2017-08-05 19:18:10,2017-08-05 23:59:59,ev_C,C,10,
20170805191820,2017-08-05 19:18:20,2017-08-05 23:59:59,ev_C,C,18,
20170805191830,2017-08-05 19:18:30,2017-08-05 23:59:59,ev_K,K,2,
20170805191840,2017-08-05 19:18:40,2017-08-05 23:59:59,ev_C,C,12,
20170805191850,2017-08-05 19:18:50,2017-08-05 23:59:59,ev_K,K,4,
20170805191900,2017-08-05 19:19:00,2017-08-05 23:59:59,ev_K,K,2,
20170805191910,2017-08-05 19:19:10,2017-08-05 23:59:59,ev_N,K,2,
20170805191920,2017-08-05 19:19:20,2017-08-05 23:59:59,ev_C,C,9,
20170805191930,2017-08-05 19:19:30,2017-08-05 23:59:59,ev_C,C,1,
20170805191940,2017-08-05 19:19:40,2017-08-05 23:59:59,ev_C,C,14,
20170805191950,2017-08-05 19:19:50,2017-08-05 23:59:59,ev_C,C,11,
20170805192000,2017-08-05 19:20:00,2017-08-05 23:59:59,ev_C,C,7,
20170805192010,2017-08-05 19:20:10,2017-08-05 23:59:59,ev_C,C,17,
20170805192020,2017-08-05 19:20:20,2017-08-05 23:59:59,ev_C,C,7,
20170805192030,2017-08-05 19:20:30,2017-08-05 23:59:59,ev_C,C,18,
20170805192040,2017-08-05 19:20:40,2017-08-05 23:59:59,ev_C,C,17,
20170805192050,2017-08-05 19:20:50,2017-08-05 23:59:59,ev_C,C,6,
20170805192100,2017-08-05 19:21:00,2017-08-05 23:59:59,ev_C,C,20,
20170805192110,2017-08-05 19:21:10,2017-08-05 23:59:59,ev_C,C,11,
20170805192120,2017-08-05 19:21:20,2017-08-05 23:59:59,ev_C,C,16,
20170805192130,2017-08-05 19:21:30,2017-08-05 23:59:59,ev_K,K,2,
20170805192140,2017-08-05 19:21:40,2017-08-05 23:59:59,ev_C,C,19,
20170805192150,2017-08-05 19:21:50,2017-08-05 23:59:59,ev_C,C,5,
20170805192200,2017-08-05 19:22:00,2017-08-05 23:59:59,ev_C,C,15,
20170805192210,2017-08-05 19:22:10,2017-08-05 23:59:59,ev_C,C,20,
20170805192220,2017-08-05 19:22:20,2017-08-05 23:59:59,ev_C,C,13,
20170805192230,2017-08-05 19:22:30,2017-08-05 23:59:59,ev_C,C,16,
20170805192240,2017-08-05 19:22:40,2017-08-05 23:59:59,ev_C,C,17,
20170805192250,2017-08-05 19:22:50,2017-08-05 23:59:59,ev_C,C,5,
20170805192300,2017-08-05 19:23:00,2017-08-05 23:59:59,ev_N,K,4,
20170805192310,2017-08-05 19:23:10,2017-08-05 23:59:59,ev_C,C,5,
20170805192320,2017-08-05 19:23:20,2017-08-05 23:59:59,ev_K,K,1,
20170805192330,2017-08-05 19:23:30,2017-08-05 23:59:59,ev_C,C,4,
20170805192340,2017-08-05 19:23:40,2017-08-05 23:59:59,ev_C,C,17,
20170805192350,2017-08-05 19:23:50,2017-08-05 23:59:59,ev_C,C,20,
20170805192400,2017-08-05 19:24:00,2017-08-05 23:59:59,ev_C,C,16,
20170805192410,2017-08-05 19:24:10,2017-08-05 23:59:59,ev_C,C,15,
20170805192420,2017-08-05 19:24:20,2017-08-05 23:59:59,ev_K,K,4,
20170805192430,2017-08-05 19:24:30,2017-08-05 23:59:59,ev_K,K,4,
20170805192440,2017-08-05 19:24:40,2017-08-05 23:59:59,ev_C,C,17,
20170805192450,2017-08-05 19:24:50,2017-08-05 23:59:59,ev_C,C,3,
20170805192500,2017-08-05 19:25:00,2017-08-05 23:59:59,ev_C,C,5,
20170805192510,2017-08-05 19:25:10,2017-08-05 23:59:59,ev_K,K,5,
20170805192520,2017-08-05 19:25:20,2017-08-05 23:59:59,ev_K,K,2,
20170805192530,2017-08-05 19:25:30,2017-08-05 23:59:59,ev_C,C,12,
20170805192540,2017-08-05 19:25:40,2017-08-05 23:59:59,ev_C,C,18,
20170805192550,2017-08-05 19:25:50,2017-08-05 23:59:59,ev_K,K,5,
20170805192600,2017-08-05 19:26:00,2017-08-05 23:59:59,ev_C,C,17,
20170805192610,2017-08-05 19:26:10,2017-08-05 23:59:59,ev_C,C,13,
20170805192620,2017-08-05 19:26:20,2017-08-05 23:59:59,ev_K,K,4,
20170805192630,2017-08-05 19:26:30,2017-08-05 23:59:59,ev_C,C,1,
20170805192640,2017-08-05 19:26:40,2017-08-05 23:59:59,ev_C,C,15,
20170805192650,2017-08-05 19:26:50,2017-08-05 23:59:59,ev_K,K,4,
20170805192700,2017-08-05 19:27:00,2017-08-05 23:59:59,ev_C,C,10,
20170805192710,2017-08-05 19:27:10,2017-08-05 23:59:59,ev_C,C,20,
20170805192720,2017-08-05 19:27:20,2017-08-05 23:59:59,ev_K,K,5,
20170805192730,2017-08-05 19:27:30,2017-08-05 23:59:59,ev_C,C,19,
20170805192740,2017-08-05 19:27:40,2017-08-05 23:59:59,ev_C,C,13,
20170805192750,2017-08-05 19:27:50,2017-08-05 23:59:59,ev_C,C,3,
20170805192800,2017-08-05 19:28:00,2017-08-05 23:59:59,ev_N,K,5,
20170805192810,2017-08-05 19:28:10,2017-08-05 23:59:59,ev_C,C,5,
20170805192820,2017-08-05 19:28:20,2017-08-05 23:59:59,ev_K,K,5,
20170805192830,2017-08-05 19:28:30,2017-08-05 23:59:59,ev_C,C,17,
20170805192840,2017-08-05 19:28:40,2017-08-05 23:59:59,ev_C,C,11,
20170805192850,2017-08-05 19:28:50,2017-08-05 23:59:59,ev_C,C,16,
20170805192900,2017-08-05 19:29:00,2017-08-05 23:59:59,ev_C,C,16,
20170805192910,2017-08-05 19:29:10,2017-08-05 23:59:59,ev_C,C,4,
20170805192920,2017-08-05 19:29:20,2017-08-05 23:59:59,ev_K,K,3,
20170805192930,2017-08-05 19:29:30,2017-08-05 23:59:59,ev_C,C,1,
20170805192940,2017-08-05 19:29:40,2017-08-05 23:59:59,ev_C,C,15,
20170805192950,2017-08-05 19:29:50,2017-08-05 23:59:59,ev_N,K,4,
20170805193000,2017-08-05 19:30:00,2017-08-05 23:59:59,ev_K,K,2,
20170805193010,2017-08-05 19:30:10,2017-08-05 23:59:59,ev_K,K,1,
20170805193020,2017-08-05 19:30:20,2017-08-05 23:59:59,ev_C,C,12,
20170805193030,2017-08-05 19:30:30,2017-08-05 23:59:59,ev_C,C,14,
20170805193040,2017-08-05 19:30:40,2017-08-05 23:59:59,ev_C,C,11,
20170805193050,2017-08-05 19:30:50,2017-08-05 23:59:59,ev_C,C,12,
20170805193100,2017-08-05 19:31:00,2017-08-05 23:59:59,ev_C,C,18,
20170805193110,2017-08-05 19:31:10,2017-08-05 23:59:59,ev_C,C,3,
20170805193120,2017-08-05 19:31:20,2017-08-05 23:59:59,ev_N,K,5,
20170805193130,2017-08-05 19:31:30,2017-08-05 23:59:59,ev_C,C,1,
20170805193140,2017-08-05 19:31:40,2017-08-05 23:59:59,ev_K,K,3,
20170805193150,2017-08-05 19:31:50,2017-08-05 23:59:59,ev_K,K,5,
20170805193200,2017-08-05 19:32:00,2017-08-05 23:59:59,ev_N,K,3,
20170805193210,2017-08-05 19:32:10,2017-08-05 23:59:59,ev_K,K,3,
20170805193220,2017-08-05 19:32:20,2017-08-05 23:59:59,ev_C,C,18,
20170805193230,2017-08-05 19:32:30,2017-08-05 23:59:59,ev_K,K,4,
20170805193240,2017-08-05 19:32:40,2017-08-05 23:59:59,ev_C,C,20,
20170805193250,2017-08-05 19:32:50,2017-08-05 23:59:59,ev_C,C,12,
20170805193300,2017-08-05 19:33:00,2017-08-05 23:59:59,ev_C,C,15,
20170805193310,2017-08-05 19:33:10,2017-08-05 23:59:59,ev_K,K,4,
20170805193320,2017-08-05 19:33:20,2017-08-05 23:59:59,ev_C,C,2,
20170805193330,2017-08-05 19:33:30,2017-08-05 23:59:59,ev_C,C,13,
20170805193340,2017-08-05 19:33:40,2017-08-05 23:59:59,ev_C,C,17,
20170805193350,2017-08-05 19:33:50,2017-08-05 23:59:59,ev_C,C,12,
20170805193400,2017-08-05 19:34:00,2017-08-05 23:59:59,ev_K,K,3,
20170805193410,2017-08-05 19:34:10,2017-08-05 23:59:59,ev_C,C,10,
20170805193420,2017-08-05 19:34:20,2017-08-05 23:59:59,ev_C,C,5,
20170805193430,2017-08-05 19:34:30,2017-08-05 23:59:59,ev_C,C,12,
20170805193440,2017-08-05 19:34:40,2017-08-05 23:59:59,ev_C,C,2,
20170805193450,2017-08-05 19:34:50,2017-08-05 23:59:59,ev_C,C,2,
20170805193500,2017-08-05 19:35:00,2017-08-05 23:59:59,ev_C,C,6,
20170805193510,2017-08-05 19:35:10,2017-08-05 23:59:59,ev_C,C,12,
20170805193520,2017-08-05 19:35:20,2017-08-05 23:59:59,ev_C,C,14,
20170805193530,2017-08-05 19:35:30,2017-08-05 23:59:59,ev_K,K,1,
20170805193540,2017-08-05 19:35:40,2017-08-05 23:59:59,ev_C,C,16,
20170805193550,2017-08-05 19:35:50,2017-08-05 23:59:59,ev_K,K,4,
20170805193600,2017-08-05 19:36:00,2017-08-05 23:59:59,ev_C,C,11,
20170805193610,2017-08-05 19:36:10,2017-08-05 23:59:59,ev_N,K,1,
20170805193620,2017-08-05 19:36:20,2017-08-05 23:59:59,ev_C,C,17,
20170805193630,2017-08-05 19:36:30,2017-08-05 23:59:59,ev_C,C,10,
20170805193640,2017-08-05 19:36:40,2017-08-05 23:59:59,ev_K,K,5,
20170805193650,2017-08-05 19:36:50,2017-08-05 23:59:59,ev_C,C,15,
20170805193700,2017-08-05 19:37:00,2017-08-05 23:59:59,ev_K,K,3,
20170805193710,2017-08-05 19:37:10,2017-08-05 23:59:59,ev_C,C,10,
20170805193720,2017-08-05 19:37:20,2017-08-05 23:59:59,ev_C,C,11,
20170805193730,2017-08-05 19:37:30,2017-08-05 23:59:59,ev_C,C,2,
20170805193740,2017-08-05 19:37:40,2017-08-05 23:59:59,ev_C,C,15,
20170805193750,2017-08-05 19:37:50,2017-08-05 23:59:59,ev_K,K,2,
20170805193800,2017-08-05 19:38:00,2017-08-05 23:59:59,ev_C,C,12,
20170805193810,2017-08-05 19:38:10,2017-08-05 23:59:59,ev_C,C,1,
20170805193820,2017-08-05 19:38:20,2017-08-05 23:59:59,ev_N,K,3,
20170805193830,2017-08-05 19:38:30,2017-08-05 23:59:59,ev_C,C,10,
20170805193840,2017-08-05 19:38:40,2017-08-05 23:59:59,ev_K,K,4,
20170805193850,2017-08-05 19:38:50,2017-08-05 23:59:59,ev_C,C,17,
20170805193900,2017-08-05 19:39:00,2017-08-05 23:59:59,ev_C,C,17,
20170805193910,2017-08-05 19:39:10,2017-08-05 23:59:59,ev_C,C,11,
20170805193920,2017-08-05 19:39:20,2017-08-05 23:59:59,ev_C,C,18,
20170805193930,2017-08-05 19:39:30,2017-08-05 23:59:59,ev_C,C,8,
20170805193940,2017-08-05 19:39:40,2017-08-05 23:59:59,ev_C,C,14,
20170805193950,2017-08-05 19:39:50,2017-08-05 23:59:59,ev_K,K,5,
20170805194000,2017-08-05 19:40:00,2017-08-05 23:59:59,ev_C,C,16,
20170805194010,2017-08-05 19:40:10,2017-08-05 23:59:59,ev_C,C,14,
20170805194020,2017-08-05 19:40:20,2017-08-05 23:59:59,ev_C,C,19,
20170805194030,2017-08-05 19:40:30,2017-08-05 23:59:59,ev_C,C,8,
20170805194040,2017-08-05 19:40:40,2017-08-05 23:59:59,ev_C,C,19,
20170805194050,2017-08-05 19:40:50,2017-08-05 23:59:59,ev_C,C,14,
20170805194100,2017-08-05 19:41:00,2017-08-05 23:59:59,ev_C,C,14,
20170805194110,2017-08-05 19:41:10,2017-08-05 23:59:59,ev_C,C,2,
20170805194120,2017-08-05 19:41:20,2017-08-05 23:59:59,ev_C,C,7,
20170805194130,2017-08-05 19:41:30,2017-08-05 23:59:59,ev_N,K,4,
20170805194140,2017-08-05 19:41:40,2017-08-05 23:59:59,ev_C,C,13,
20170805194150,2017-08-05 19:41:50,2017-08-05 23:59:59,ev_C,C,11,
20170805194200,2017-08-05 19:42:00,2017-08-05 23:59:59,ev_C,C,3,
20170805194210,2017-08-05 19:42:10,2017-08-05 23:59:59,ev_C,C,5,
20170805194220,2017-08-05 19:42:20,2017-08-05 23:59:59,ev_C,C,4,
20170805194230,2017-08-05 19:42:30,2017-08-05 23:59:59,ev_K,K,2,
20170805194240,2017-08-05 19:42:40,2017-08-05 23:59:59,ev_K,K,2,
20170805194250,2017-08-05 19:42:50,2017-08-05 23:59:59,ev_C,C,20,
20170805194300,2017-08-05 19:43:00,2017-08-05 23:59:59,ev_C,C,12,
20170805194310,2017-08-05 19:43:10,2017-08-05 23:59:59,ev_C,C,16,
20170805194320,2017-08-05 19:43:20,2017-08-05 23:59:59,ev_C,C,8,
20170805194330,2017-08-05 19:43:30,2017-08-05 23:59:59,ev_C,C,15,
20170805194340,2017-08-05 19:43:40,2017-08-05 23:59:59,ev_K,K,2,
20170805194350,2017-08-05 19:43:50,2017-08-05 23:59:59,ev_C,C,6,
20170805194400,2017-08-05 19:44:00,2017-08-05 23:59:59,ev_C,C,14,
20170805194410,2017-08-05 19:44:10,2017-08-05 23:59:59,ev_C,C,20,
20170805194420,2017-08-05 19:44:20,2017-08-05 23:59:59,ev_C,C,15,
20170805194430,2017-08-05 19:44:30,2017-08-05 23:59:59,ev_C,C,19,
20170805194440,2017-08-05 19:44:40,2017-08-05 23:59:59,ev_N,K,2,
20170805194450,2017-08-05 19:44:50,2017-08-05 23:59:59,ev_K,K,4,
20170805194500,2017-08-05 19:45:00,2017-08-05 23:59:59,ev_C,C,10,
20170805194510,2017-08-05 19:45:10,2017-08-05 23:59:59,ev_C,C,17,
20170805194520,2017-08-05 19:45:20,2017-08-05 23:59:59,ev_K,K,3,
20170805194530,2017-08-05 19:45:30,2017-08-05 23:59:59,ev_C,C,6,
20170805194540,2017-08-05 19:45:40,2017-08-05 23:59:59,ev_C,C,12,
20170805194550,2017-08-05 19:45:50,2017-08-05 23:59:59,ev_C,C,10,
20170805194600,2017-08-05 19:46:00,2017-08-05 23:59:59,ev_N,K,2,
20170805194610,2017-08-05 19:46:10,2017-08-05 23:59:59,ev_K,K,3,
20170805194620,2017-08-05 19:46:20,2017-08-05 23:59:59,ev_C,C,2,
20170805194630,2017-08-05 19:46:30,2017-08-05 23:59:59,ev_K,K,4,
20170805194640,2017-08-05 19:46:40,2017-08-05 23:59:59,ev_C,C,18,
20170805194650,2017-08-05 19:46:50,2017-08-05 23:59:59,ev_C,C,9,
20170805194700,2017-08-05 19:47:00,2017-08-05 23:59:59,ev_K,K,3,
20170805194710,2017-08-05 19:47:10,2017-08-05 23:59:59,ev_K,K,2,
20170805194720,2017-08-05 19:47:20,2017-08-05 23:59:59,ev_K,K,5,
20170805194730,2017-08-05 19:47:30,2017-08-05 23:59:59,ev_K,K,5,
20170805194740,2017-08-05 19:47:40,2017-08-05 23:59:59,ev_C,C,17,
20170805194750,2017-08-05 19:47:50,2017-08-05 23:59:59,ev_C,C,3,
20170805194800,2017-08-05 19:48:00,2017-08-05 23:59:59,ev_K,K,2,
20170805194810,2017-08-05 19:48:10,2017-08-05 23:59:59,ev_C,C,16,
20170805194820,2017-08-05 19:48:20,2017-08-05 23:59:59,ev_C,C,10,
20170805194830,2017-08-05 19:48:30,2017-08-05 23:59:59,ev_C,C,5,
20170805194840,2017-08-05 19:48:40,2017-08-05 23:59:59,ev_K,K,1,
20170805194850,2017-08-05 19:48:50,2017-08-05 23:59:59,ev_C,C,10,
20170805194900,2017-08-05 19:49:00,2017-08-05 23:59:59,ev_C,C,20,
20170805194910,2017-08-05 19:49:10,2017-08-05 23:59:59,ev_C,C,7,
20170805194920,2017-08-05 19:49:20,2017-08-05 23:59:59,ev_C,C,13,
20170805194930,2017-08-05 19:49:30,2017-08-05 23:59:59,ev_K,K,4,
20170805194940,2017-08-05 19:49:40,2017-08-05 23:59:59,ev_C,C,4,
20170805194950,2017-08-05 19:49:50,2017-08-05 23:59:59,ev_C,C,10,
20170805195000,2017-08-05 19:50:00,2017-08-05 23:59:59,ev_K,K,4,
20170805195010,2017-08-05 19:50:10,2017-08-05 23:59:59,ev_C,C,1,
20170805195020,2017-08-05 19:50:20,2017-08-05 23:59:59,ev_C,C,20,
20170805195030,2017-08-05 19:50:30,2017-08-05 23:59:59,ev_K,K,3,
20170805195040,2017-08-05 19:50:40,2017-08-05 23:59:59,ev_K,K,3,
20170805195050,2017-08-05 19:50:50,2017-08-05 23:59:59,ev_C,C,9,
20170805195100,2017-08-05 19:51:00,2017-08-05 23:59:59,ev_C,C,1,
20170805195110,2017-08-05 19:51:10,2017-08-05 23:59:59,ev_K,K,3,
20170805195120,2017-08-05 19:51:20,2017-08-05 23:59:59,ev_C,C,13,
20170805195130,2017-08-05 19:51:30,2017-08-05 23:59:59,ev_C,C,6,
20170805195140,2017-08-05 19:51:40,2017-08-05 23:59:59,ev_C,C,3,
20170805195150,2017-08-05 19:51:50,2017-08-05 23:59:59,ev_C,C,5,
20170805195200,2017-08-05 19:52:00,2017-08-05 23:59:59,ev_C,C,9,
20170805195210,2017-08-05 19:52:10,2017-08-05 23:59:59,ev_C,C,19,
20170805195220,2017-08-05 19:52:20,2017-08-05 23:59:59,ev_K,K,1,
20170805195230,2017-08-05 19:52:30,2017-08-05 23:59:59,ev_C,C,10,
20170805195240,2017-08-05 19:52:40,2017-08-05 23:59:59,ev_C,C,12,
20170805195250,2017-08-05 19:52:50,2017-08-05 23:59:59,ev_K,K,1,
20170805195300,2017-08-05 19:53:00,2017-08-05 23:59:59,ev_C,C,8,
20170805195310,2017-08-05 19:53:10,2017-08-05 23:59:59,ev_K,K,1,
20170805195320,2017-08-05 19:53:20,2017-08-05 23:59:59,ev_K,K,5,
20170805195330,2017-08-05 19:53:30,2017-08-05 23:59:59,ev_C,C,17,
20170805195340,2017-08-05 19:53:40,2017-08-05 23:59:59,ev_K,K,4,
20170805195350,2017-08-05 19:53:50,2017-08-05 23:59:59,ev_N,K,5,
20170805195400,2017-08-05 19:54:00,2017-08-05 23:59:59,ev_C,C,1,
20170805195410,2017-08-05 19:54:10,2017-08-05 23:59:59,ev_N,K,4,
20170805195420,2017-08-05 19:54:20,2017-08-05 23:59:59,ev_C,C,3,
20170805195430,2017-08-05 19:54:30,2017-08-05 23:59:59,ev_C,C,9,
20170805195440,2017-08-05 19:54:40,2017-08-05 23:59:59,ev_N,K,1,
20170805195450,2017-08-05 19:54:50,2017-08-05 23:59:59,ev_K,K,5,
20170805195500,2017-08-05 19:55:00,2017-08-05 23:59:59,ev_C,C,4,
20170805195510,2017-08-05 19:55:10,2017-08-05 23:59:59,ev_C,C,10,
20170805195520,2017-08-05 19:55:20,2017-08-05 23:59:59,ev_C,C,5,
20170805195530,2017-08-05 19:55:30,2017-08-05 23:59:59,ev_C,C,13,
20170805195540,2017-08-05 19:55:40,2017-08-05 23:59:59,ev_C,C,16,
20170805195550,2017-08-05 19:55:50,2017-08-05 23:59:59,ev_C,C,16,
20170805195600,2017-08-05 19:56:00,2017-08-05 23:59:59,ev_C,C,14,
20170805195610,2017-08-05 19:56:10,2017-08-05 23:59:59,ev_C,C,14,
20170805195620,2017-08-05 19:56:20,2017-08-05 23:59:59,ev_C,C,20,
20170805195630,2017-08-05 19:56:30,2017-08-05 23:59:59,ev_C,C,11,
20170805195640,2017-08-05 19:56:40,2017-08-05 23:59:59,ev_K,K,2,
20170805195650,2017-08-05 19:56:50,2017-08-05 23:59:59,ev_C,C,2,
20170805195700,2017-08-05 19:57:00,2017-08-05 23:59:59,ev_K,K,2,
20170805195710,2017-08-05 19:57:10,2017-08-05 23:59:59,ev_C,C,6,
20170805195720,2017-08-05 19:57:20,2017-08-05 23:59:59,ev_C,C,12,
20170805195730,2017-08-05 19:57:30,2017-08-05 23:59:59,ev_K,K,4,
20170805195740,2017-08-05 19:57:40,2017-08-05 23:59:59,ev_C,C,19,
20170805195750,2017-08-05 19:57:50,2017-08-05 23:59:59,ev_C,C,16,
20170805195800,2017-08-05 19:58:00,2017-08-05 23:59:59,ev_C,C,7,
20170805195810,2017-08-05 19:58:10,2017-08-05 23:59:59,ev_C,C,5,
20170805195820,2017-08-05 19:58:20,2017-08-05 23:59:59,ev_K,K,5,
20170805195830,2017-08-05 19:58:30,2017-08-05 23:59:59,ev_C,C,8,
20170805195840,2017-08-05 19:58:40,2017-08-05 23:59:59,ev_C,C,12,
20170805195850,2017-08-05 19:58:50,2017-08-05 23:59:59,ev_C,C,8,
20170805195900,2017-08-05 19:59:00,2017-08-05 23:59:59,ev_C,C,11,
20170805195910,2017-08-05 19:59:10,2017-08-05 23:59:59,ev_C,C,6,
20170805195920,2017-08-05 19:59:20,2017-08-05 23:59:59,ev_C,C,18,
20170805195930,2017-08-05 19:59:30,2017-08-05 23:59:59,ev_C,C,7,
20170805195940,2017-08-05 19:59:40,2017-08-05 23:59:59,ev_N,K,4,
20170805195950,2017-08-05 19:59:50,2017-08-05 23:59:59,ev_C,C,16,
20170805200000,2017-08-05 20:00:00,2017-08-05 23:59:59,ev_C,C,16,
20170805200010,2017-08-05 20:00:10,2017-08-05 23:59:59,ev_C,C,18,
20170805200020,2017-08-05 20:00:20,2017-08-05 23:59:59,ev_K,K,3,
20170805200030,2017-08-05 20:00:30,2017-08-05 23:59:59,ev_K,K,4,
20170805200040,2017-08-05 20:00:40,2017-08-05 23:59:59,ev_C,C,2,
20170805200050,2017-08-05 20:00:50,2017-08-05 23:59:59,ev_K,K,4,
20170805200100,2017-08-05 20:01:00,2017-08-05 23:59:59,ev_C,C,9,
20170805200110,2017-08-05 20:01:10,2017-08-05 23:59:59,ev_C,C,13,
20170805200120,2017-08-05 20:01:20,2017-08-05 23:59:59,ev_K,K,5,
20170805200130,2017-08-05 20:01:30,2017-08-05 23:59:59,ev_C,C,19,
20170805200140,2017-08-05 20:01:40,2017-08-05 23:59:59,ev_K,K,4,
20170805200150,2017-08-05 20:01:50,2017-08-05 23:59:59,ev_C,C,13,
20170805200200,2017-08-05 20:02:00,2017-08-05 23:59:59,ev_C,C,18,
20170805200210,2017-08-05 20:02:10,2017-08-05 23:59:59,ev_N,K,1,
20170805200220,2017-08-05 20:02:20,2017-08-05 23:59:59,ev_C,C,7,
20170805200230,2017-08-05 20:02:30,2017-08-05 23:59:59,ev_N,K,1,
20170805200240,2017-08-05 20:02:40,2017-08-05 23:59:59,ev_C,C,1,
20170805200250,2017-08-05 20:02:50,2017-08-05 23:59:59,ev_C,C,6,
20170805200300,2017-08-05 20:03:00,2017-08-05 23:59:59,ev_C,C,13,
20170805200310,2017-08-05 20:03:10,2017-08-05 23:59:59,ev_C,C,9,
20170805200320,2017-08-05 20:03:20,2017-08-05 23:59:59,ev_C,C,8,
20170805200330,2017-08-05 20:03:30,2017-08-05 23:59:59,ev_C,C,14,
20170805200340,2017-08-05 20:03:40,2017-08-05 23:59:59,ev_C,C,2,
20170805200350,2017-08-05 20:03:50,2017-08-05 23:59:59,ev_N,K,2,
20170805200400,2017-08-05 20:04:00,2017-08-05 23:59:59,ev_K,K,4,
20170805200410,2017-08-05 20:04:10,2017-08-05 23:59:59,ev_C,C,19,
20170805200420,2017-08-05 20:04:20,2017-08-05 23:59:59,ev_C,C,6,
20170805200430,2017-08-05 20:04:30,2017-08-05 23:59:59,ev_C,C,10,
20170805200440,2017-08-05 20:04:40,2017-08-05 23:59:59,ev_C,C,17,
20170805200450,2017-08-05 20:04:50,2017-08-05 23:59:59,ev_C,C,14,
20170805200500,2017-08-05 20:05:00,2017-08-05 23:59:59,ev_K,K,1,
20170805200510,2017-08-05 20:05:10,2017-08-05 23:59:59,ev_C,C,19,
20170805200520,2017-08-05 20:05:20,2017-08-05 23:59:59,ev_C,C,7,
20170805200530,2017-08-05 20:05:30,2017-08-05 23:59:59,ev_C,C,7,
20170805200540,2017-08-05 20:05:40,2017-08-05 23:59:59,ev_C,C,2,
20170805200550,2017-08-05 20:05:50,2017-08-05 23:59:59,ev_K,K,3,
20170805200600,2017-08-05 20:06:00,2017-08-05 23:59:59,ev_C,C,17,
20170805200610,2017-08-05 20:06:10,2017-08-05 23:59:59,ev_C,C,4,
20170805200620,2017-08-05 20:06:20,2017-08-05 23:59:59,ev_C,C,12,
20170805200630,2017-08-05 20:06:30,2017-08-05 23:59:59,ev_C,C,20,
20170805200640,2017-08-05 20:06:40,2017-08-05 23:59:59,ev_K,K,2,
20170805200650,2017-08-05 20:06:50,2017-08-05 23:59:59,ev_K,K,1,
20170805200700,2017-08-05 20:07:00,2017-08-05 23:59:59,ev_C,C,11,
20170805200710,2017-08-05 20:07:10,2017-08-05 23:59:59,ev_C,C,6,
20170805200720,2017-08-05 20:07:20,2017-08-05 23:59:59,ev_K,K,5,
20170805200730,2017-08-05 20:07:30,2017-08-05 23:59:59,ev_C,C,1,
20170805200740,2017-08-05 20:07:40,2017-08-05 23:59:59,ev_C,C,14,
20170805200750,2017-08-05 20:07:50,2017-08-05 23:59:59,ev_C,C,7,
20170805200800,2017-08-05 20:08:00,2017-08-05 23:59:59,ev_C,C,3,
20170805200810,2017-08-05 20:08:10,2017-08-05 23:59:59,ev_C,C,13,
20170805200820,2017-08-05 20:08:20,2017-08-05 23:59:59,ev_C,C,6,
20170805200830,2017-08-05 20:08:30,2017-08-05 23:59:59,ev_C,C,10,
20170805200840,2017-08-05 20:08:40,2017-08-05 23:59:59,ev_K,K,3,
20170805200850,2017-08-05 20:08:50,2017-08-05 23:59:59,ev_C,C,15,
20170805200900,2017-08-05 20:09:00,2017-08-05 23:59:59,ev_C,C,4,
20170805200910,2017-08-05 20:09:10,2017-08-05 23:59:59,ev_C,C,8,
20170805200920,2017-08-05 20:09:20,2017-08-05 23:59:59,ev_C,C,10,
20170805200930,2017-08-05 20:09:30,2017-08-05 23:59:59,ev_C,C,19,
20170805200940,2017-08-05 20:09:40,2017-08-05 23:59:59,ev_K,K,1,
20170805200950,2017-08-05 20:09:50,2017-08-05 23:59:59,ev_C,C,19,
20170805201000,2017-08-05 20:10:00,2017-08-05 23:59:59,ev_C,C,16,
20170805201010,2017-08-05 20:10:10,2017-08-05 23:59:59,ev_C,C,17,
20170805201020,2017-08-05 20:10:20,2017-08-05 23:59:59,ev_K,K,4,
20170805201030,2017-08-05 20:10:30,2017-08-05 23:59:59,ev_C,C,2,
20170805201040,2017-08-05 20:10:40,2017-08-05 23:59:59,ev_C,C,12,
20170805201050,2017-08-05 20:10:50,2017-08-05 23:59:59,ev_C,C,18,
20170805201100,2017-08-05 20:11:00,2017-08-05 23:59:59,ev_C,C,10,
20170805201110,2017-08-05 20:11:10,2017-08-05 23:59:59,ev_C,C,2,
20170805201120,2017-08-05 20:11:20,2017-08-05 23:59:59,ev_C,C,6,
20170805201130,2017-08-05 20:11:30,2017-08-05 23:59:59,ev_N,K,5,
20170805201140,2017-08-05 20:11:40,2017-08-05 23:59:59,ev_C,C,7,
20170805201150,2017-08-05 20:11:50,2017-08-05 23:59:59,ev_C,C,5,
20170805201200,2017-08-05 20:12:00,2017-08-05 23:59:59,ev_C,C,3,
20170805201210,2017-08-05 20:12:10,2017-08-05 23:59:59,ev_C,C,2,
20170805201220,2017-08-05 20:12:20,2017-08-05 23:59:59,ev_K,K,4,
20170805201230,2017-08-05 20:12:30,2017-08-05 23:59:59,ev_C,C,3,
20170805201240,2017-08-05 20:12:40,2017-08-05 23:59:59,ev_C,C,14,
20170805201250,2017-08-05 20:12:50,2017-08-05 23:59:59,ev_K,K,1,
20170805201300,2017-08-05 20:13:00,2017-08-05 23:59:59,ev_N,K,1,
20170805201310,2017-08-05 20:13:10,2017-08-05 23:59:59,ev_C,C,6,
20170805201320,2017-08-05 20:13:20,2017-08-05 23:59:59,ev_K,K,4,
20170805201330,2017-08-05 20:13:30,2017-08-05 23:59:59,ev_C,C,16,
20170805201340,2017-08-05 20:13:40,2017-08-05 23:59:59,ev_C,C,15,
20170805201350,2017-08-05 20:13:50,2017-08-05 23:59:59,ev_K,K,1,
20170805201400,2017-08-05 20:14:00,2017-08-05 23:59:59,ev_C,C,19,
20170805201410,2017-08-05 20:14:10,2017-08-05 23:59:59,ev_C,C,12,
20170805201420,2017-08-05 20:14:20,2017-08-05 23:59:59,ev_C,C,8,
20170805201430,2017-08-05 20:14:30,2017-08-05 23:59:59,ev_C,C,16,
20170805201440,2017-08-05 20:14:40,2017-08-05 23:59:59,ev_K,K,1,
20170805201450,2017-08-05 20:14:50,2017-08-05 23:59:59,ev_C,C,20,
20170805201500,2017-08-05 20:15:00,2017-08-05 23:59:59,ev_C,C,5,
20170805201510,2017-08-05 20:15:10,2017-08-05 23:59:59,ev_C,C,14,
20170805201520,2017-08-05 20:15:20,2017-08-05 23:59:59,ev_C,C,12,
20170805201530,2017-08-05 20:15:30,2017-08-05 23:59:59,ev_C,C,18,
20170805201540,2017-08-05 20:15:40,2017-08-05 23:59:59,ev_C,C,7,
20170805201550,2017-08-05 20:15:50,2017-08-05 23:59:59,ev_C,C,15,
20170805201600,2017-08-05 20:16:00,2017-08-05 23:59:59,ev_C,C,5,
20170805201610,2017-08-05 20:16:10,2017-08-05 23:59:59,ev_C,C,8,
20170805201620,2017-08-05 20:16:20,2017-08-05 23:59:59,ev_C,C,7,
20170805201630,2017-08-05 20:16:30,2017-08-05 23:59:59,ev_C,C,7,
20170805201640,2017-08-05 20:16:40,2017-08-05 23:59:59,ev_C,C,7,
20170805201650,2017-08-05 20:16:50,2017-08-05 23:59:59,ev_C,C,9,
20170805201700,2017-08-05 20:17:00,2017-08-05 23:59:59,ev_C,C,14,
20170805201710,2017-08-05 20:17:10,2017-08-05 23:59:59,ev_C,C,16,
20170805201720,2017-08-05 20:17:20,2017-08-05 23:59:59,ev_K,K,1,
20170805201730,2017-08-05 20:17:30,2017-08-05 23:59:59,ev_N,K,1,
20170805201740,2017-08-05 20:17:40,2017-08-05 23:59:59,ev_N,K,1,
20170805201750,2017-08-05 20:17:50,2017-08-05 23:59:59,ev_C,C,10,
20170805201800,2017-08-05 20:18:00,2017-08-05 23:59:59,ev_C,C,14,
20170805201810,2017-08-05 20:18:10,2017-08-05 23:59:59,ev_K,K,1,
20170805201820,2017-08-05 20:18:20,2017-08-05 23:59:59,ev_C,C,8,
20170805201830,2017-08-05 20:18:30,2017-08-05 23:59:59,ev_C,C,18,
20170805201840,2017-08-05 20:18:40,2017-08-05 23:59:59,ev_K,K,5,
20170805201850,2017-08-05 20:18:50,2017-08-05 23:59:59,ev_K,K,1,
20170805201900,2017-08-05 20:19:00,2017-08-05 23:59:59,ev_C,C,2,
20170805201910,2017-08-05 20:19:10,2017-08-05 23:59:59,ev_C,C,19,
20170805201920,2017-08-05 20:19:20,2017-08-05 23:59:59,ev_C,C,15,
20170805201930,2017-08-05 20:19:30,2017-08-05 23:59:59,ev_C,C,17,
20170805201940,2017-08-05 20:19:40,2017-08-05 23:59:59,ev_C,C,20,
20170805201950,2017-08-05 20:19:50,2017-08-05 23:59:59,ev_K,K,1,
20170805202000,2017-08-05 20:20:00,2017-08-05 23:59:59,ev_C,C,15,
20170805202010,2017-08-05 20:20:10,2017-08-05 23:59:59,ev_K,K,4,
20170805202020,2017-08-05 20:20:20,2017-08-05 23:59:59,ev_C,C,11,
20170805202030,2017-08-05 20:20:30,2017-08-05 23:59:59,ev_C,C,16,
20170805202040,2017-08-05 20:20:40,2017-08-05 23:59:59,ev_N,K,2,
20170805202050,2017-08-05 20:20:50,2017-08-05 23:59:59,ev_C,C,18,
20170805202100,2017-08-05 20:21:00,2017-08-05 23:59:59,ev_K,K,4,
20170805202110,2017-08-05 20:21:10,2017-08-05 23:59:59,ev_C,C,16,
20170805202120,2017-08-05 20:21:20,2017-08-05 23:59:59,ev_K,K,4,
20170805202130,2017-08-05 20:21:30,2017-08-05 23:59:59,ev_C,C,13,
20170805202140,2017-08-05 20:21:40,2017-08-05 23:59:59,ev_K,K,3,
20170805202150,2017-08-05 20:21:50,2017-08-05 23:59:59,ev_C,C,5,
20170805202200,2017-08-05 20:22:00,2017-08-05 23:59:59,ev_C,C,20,
20170805202210,2017-08-05 20:22:10,2017-08-05 23:59:59,ev_K,K,3,
20170805202220,2017-08-05 20:22:20,2017-08-05 23:59:59,ev_K,K,3,
20170805202230,2017-08-05 20:22:30,2017-08-05 23:59:59,ev_C,C,10,
20170805202240,2017-08-05 20:22:40,2017-08-05 23:59:59,ev_C,C,13,
20170805202250,2017-08-05 20:22:50,2017-08-05 23:59:59,ev_C,C,15,
20170805202300,2017-08-05 20:23:00,2017-08-05 23:59:59,ev_C,C,4,
20170805202310,2017-08-05 20:23:10,2017-08-05 23:59:59,ev_N,K,3,
20170805202320,2017-08-05 20:23:20,2017-08-05 23:59:59,ev_N,K,3,
20170805202330,2017-08-05 20:23:30,2017-08-05 23:59:59,ev_N,K,3,
20170805202340,2017-08-05 20:23:40,2017-08-05 23:59:59,ev_C,C,12,
20170805202350,2017-08-05 20:23:50,2017-08-05 23:59:59,ev_C,C,5,
20170805202400,2017-08-05 20:24:00,2017-08-05 23:59:59,ev_N,K,3,
20170805202410,2017-08-05 20:24:10,2017-08-05 23:59:59,ev_C,C,6,
20170805202420,2017-08-05 20:24:20,2017-08-05 23:59:59,ev_C,C,11,
20170805202430,2017-08-05 20:24:30,2017-08-05 23:59:59,ev_C,C,6,
20170805202440,2017-08-05 20:24:40,2017-08-05 23:59:59,ev_K,K,2,
20170805202450,2017-08-05 20:24:50,2017-08-05 23:59:59,ev_K,K,2,
20170805202500,2017-08-05 20:25:00,2017-08-05 23:59:59,ev_C,C,2,
20170805202510,2017-08-05 20:25:10,2017-08-05 23:59:59,ev_C,C,7,
20170805202520,2017-08-05 20:25:20,2017-08-05 23:59:59,ev_C,C,19,
20170805202530,2017-08-05 20:25:30,2017-08-05 23:59:59,ev_C,C,8,
20170805202540,2017-08-05 20:25:40,2017-08-05 23:59:59,ev_K,K,1,
20170805202550,2017-08-05 20:25:50,2017-08-05 23:59:59,ev_K,K,2,
20170805202600,2017-08-05 20:26:00,2017-08-05 23:59:59,ev_K,K,5,
20170805202610,2017-08-05 20:26:10,2017-08-05 23:59:59,ev_C,C,20,
20170805202620,2017-08-05 20:26:20,2017-08-05 23:59:59,ev_C,C,8,
20170805202630,2017-08-05 20:26:30,2017-08-05 23:59:59,ev_K,K,5,
20170805202640,2017-08-05 20:26:40,2017-08-05 23:59:59,ev_C,C,14,
20170805202650,2017-08-05 20:26:50,2017-08-05 23:59:59,ev_C,C,17,
20170805202700,2017-08-05 20:27:00,2017-08-05 23:59:59,ev_C,C,12,
20170805202710,2017-08-05 20:27:10,2017-08-05 23:59:59,ev_C,C,7,
20170805202720,2017-08-05 20:27:20,2017-08-05 23:59:59,ev_C,C,4,
20170805202730,2017-08-05 20:27:30,2017-08-05 23:59:59,ev_C,C,13,
20170805202740,2017-08-05 20:27:40,2017-08-05 23:59:59,ev_K,K,4,
20170805202750,2017-08-05 20:27:50,2017-08-05 23:59:59,ev_C,C,14,
20170805202800,2017-08-05 20:28:00,2017-08-05 23:59:59,ev_C,C,19,
20170805202810,2017-08-05 20:28:10,2017-08-05 23:59:59,ev_C,C,14,
20170805202820,2017-08-05 20:28:20,2017-08-05 23:59:59,ev_C,C,13,
20170805202830,2017-08-05 20:28:30,2017-08-05 23:59:59,ev_C,C,12,
20170805202840,2017-08-05 20:28:40,2017-08-05 23:59:59,ev_C,C,7,
20170805202850,2017-08-05 20:28:50,2017-08-05 23:59:59,ev_K,K,5,
20170805202900,2017-08-05 20:29:00,2017-08-05 23:59:59,ev_C,C,19,
20170805202910,2017-08-05 20:29:10,2017-08-05 23:59:59,ev_K,K,5,
20170805202920,2017-08-05 20:29:20,2017-08-05 23:59:59,ev_N,K,5,
20170805202930,2017-08-05 20:29:30,2017-08-05 23:59:59,ev_K,K,4,
20170805202940,2017-08-05 20:29:40,2017-08-05 23:59:59,ev_K,K,4,
20170805202950,2017-08-05 20:29:50,2017-08-05 23:59:59,ev_K,K,2,
20170805203000,2017-08-05 20:30:00,2017-08-05 23:59:59,ev_C,C,15,
20170805203010,2017-08-05 20:30:10,2017-08-05 23:59:59,ev_C,C,6,
20170805203020,2017-08-05 20:30:20,2017-08-05 23:59:59,ev_C,C,10,
20170805203030,2017-08-05 20:30:30,2017-08-05 23:59:59,ev_K,K,1,
20170805203040,2017-08-05 20:30:40,2017-08-05 23:59:59,ev_C,C,16,
20170805203050,2017-08-05 20:30:50,2017-08-05 23:59:59,ev_C,C,12,
20170805203100,2017-08-05 20:31:00,2017-08-05 23:59:59,ev_K,K,2,
20170805203110,2017-08-05 20:31:10,2017-08-05 23:59:59,ev_K,K,5,
20170805203120,2017-08-05 20:31:20,2017-08-05 23:59:59,ev_K,K,1,
20170805203130,2017-08-05 20:31:30,2017-08-05 23:59:59,ev_C,C,14,
20170805203140,2017-08-05 20:31:40,2017-08-05 23:59:59,ev_K,K,2,
20170805203150,2017-08-05 20:31:50,2017-08-05 23:59:59,ev_C,C,4,
20170805203200,2017-08-05 20:32:00,2017-08-05 23:59:59,ev_C,C,20,
20170805203210,2017-08-05 20:32:10,2017-08-05 23:59:59,ev_C,C,18,
20170805203220,2017-08-05 20:32:20,2017-08-05 23:59:59,ev_C,C,10,
20170805203230,2017-08-05 20:32:30,2017-08-05 23:59:59,ev_K,K,4,
20170805203240,2017-08-05 20:32:40,2017-08-05 23:59:59,ev_C,C,3,
20170805203250,2017-08-05 20:32:50,2017-08-05 23:59:59,ev_C,C,18,
20170805203300,2017-08-05 20:33:00,2017-08-05 23:59:59,ev_C,C,18,
20170805203310,2017-08-05 20:33:10,2017-08-05 23:59:59,ev_K,K,5,
20170805203320,2017-08-05 20:33:20,2017-08-05 23:59:59,ev_C,C,12,
20170805203330,2017-08-05 20:33:30,2017-08-05 23:59:59,ev_C,C,11,
20170805203340,2017-08-05 20:33:40,2017-08-05 23:59:59,ev_C,C,3,
20170805203350,2017-08-05 20:33:50,2017-08-05 23:59:59,ev_C,C,3,
20170805203400,2017-08-05 20:34:00,2017-08-05 23:59:59,ev_C,C,7,
20170805203410,2017-08-05 20:34:10,2017-08-05 23:59:59,ev_C,C,17,
20170805203420,2017-08-05 20:34:20,2017-08-05 23:59:59,ev_C,C,10,
20170805203430,2017-08-05 20:34:30,2017-08-05 23:59:59,ev_C,C,18,
20170805203440,2017-08-05 20:34:40,2017-08-05 23:59:59,ev_C,C,5,
20170805203450,2017-08-05 20:34:50,2017-08-05 23:59:59,ev_K,K,4,
20170805203500,2017-08-05 20:35:00,2017-08-05 23:59:59,ev_C,C,1,
20170805203510,2017-08-05 20:35:10,2017-08-05 23:59:59,ev_C,C,7,
20170805203520,2017-08-05 20:35:20,2017-08-05 23:59:59,ev_C,C,3,
20170805203530,2017-08-05 20:35:30,2017-08-05 23:59:59,ev_C,C,6,
20170805203540,2017-08-05 20:35:40,2017-08-05 23:59:59,ev_K,K,4,
20170805203550,2017-08-05 20:35:50,2017-08-05 23:59:59,ev_C,C,1,
20170805203600,2017-08-05 20:36:00,2017-08-05 23:59:59,ev_C,C,1,
20170805203610,2017-08-05 20:36:10,2017-08-05 23:59:59,ev_C,C,15,
20170805203620,2017-08-05 20:36:20,2017-08-05 23:59:59,ev_C,C,5,
20170805203630,2017-08-05 20:36:30,2017-08-05 23:59:59,ev_C,C,3,
20170805203640,2017-08-05 20:36:40,2017-08-05 23:59:59,ev_C,C,2,
20170805203650,2017-08-05 20:36:50,2017-08-05 23:59:59,ev_C,C,2,
20170805203700,2017-08-05 20:37:00,2017-08-05 23:59:59,ev_N,K,3,
20170805203710,2017-08-05 20:37:10,2017-08-05 23:59:59,ev_K,K,1,
20170805203720,2017-08-05 20:37:20,2017-08-05 23:59:59,ev_K,K,2,
20170805203730,2017-08-05 20:37:30,2017-08-05 23:59:59,ev_C,C,16,
20170805203740,2017-08-05 20:37:40,2017-08-05 23:59:59,ev_K,K,1,
20170805203750,2017-08-05 20:37:50,2017-08-05 23:59:59,ev_C,C,13,
20170805203800,2017-08-05 20:38:00,2017-08-05 23:59:59,ev_N,K,1,
20170805203810,2017-08-05 20:38:10,2017-08-05 23:59:59,ev_C,C,10,
20170805203820,2017-08-05 20:38:20,2017-08-05 23:59:59,ev_K,K,2,
20170805203830,2017-08-05 20:38:30,2017-08-05 23:59:59,ev_C,C,4,
20170805203840,2017-08-05 20:38:40,2017-08-05 23:59:59,ev_C,C,19,
20170805203850,2017-08-05 20:38:50,2017-08-05 23:59:59,ev_C,C,3,
20170805203900,2017-08-05 20:39:00,2017-08-05 23:59:59,ev_C,C,14,
20170805203910,2017-08-05 20:39:10,2017-08-05 23:59:59,ev_C,C,17,
20170805203920,2017-08-05 20:39:20,2017-08-05 23:59:59,ev_K,K,4,
20170805203930,2017-08-05 20:39:30,2017-08-05 23:59:59,ev_C,C,16,
20170805203940,2017-08-05 20:39:40,2017-08-05 23:59:59,ev_C,C,3,
20170805203950,2017-08-05 20:39:50,2017-08-05 23:59:59,ev_C,C,3,
20170805204000,2017-08-05 20:40:00,2017-08-05 23:59:59,ev_C,C,6,
20170805204010,2017-08-05 20:40:10,2017-08-05 23:59:59,ev_C,C,9,
20170805204020,2017-08-05 20:40:20,2017-08-05 23:59:59,ev_K,K,1,
20170805204030,2017-08-05 20:40:30,2017-08-05 23:59:59,ev_K,K,1,
20170805204040,2017-08-05 20:40:40,2017-08-05 23:59:59,ev_C,C,9,
20170805204050,2017-08-05 20:40:50,2017-08-05 23:59:59,ev_C,C,2,
20170805204100,2017-08-05 20:41:00,2017-08-05 23:59:59,ev_C,C,17,
20170805204110,2017-08-05 20:41:10,2017-08-05 23:59:59,ev_C,C,12,
20170805204120,2017-08-05 20:41:20,2017-08-05 23:59:59,ev_C,C,16,
20170805204130,2017-08-05 20:41:30,2017-08-05 23:59:59,ev_K,K,3,
20170805204140,2017-08-05 20:41:40,2017-08-05 23:59:59,ev_K,K,4,
20170805204150,2017-08-05 20:41:50,2017-08-05 23:59:59,ev_K,K,2,
20170805204200,2017-08-05 20:42:00,2017-08-05 23:59:59,ev_C,C,17,
20170805204210,2017-08-05 20:42:10,2017-08-05 23:59:59,ev_C,C,10,
20170805204220,2017-08-05 20:42:20,2017-08-05 23:59:59,ev_C,C,16,
20170805204230,2017-08-05 20:42:30,2017-08-05 23:59:59,ev_C,C,14,
20170805204240,2017-08-05 20:42:40,2017-08-05 23:59:59,ev_C,C,18,
20170805204250,2017-08-05 20:42:50,2017-08-05 23:59:59,ev_K,K,2,
20170805204300,2017-08-05 20:43:00,2017-08-05 23:59:59,ev_C,C,16,
20170805204310,2017-08-05 20:43:10,2017-08-05 23:59:59,ev_C,C,7,
20170805204320,2017-08-05 20:43:20,2017-08-05 23:59:59,ev_C,C,10,
20170805204330,2017-08-05 20:43:30,2017-08-05 23:59:59,ev_C,C,19,
20170805204340,2017-08-05 20:43:40,2017-08-05 23:59:59,ev_N,K,3,
20170805204350,2017-08-05 20:43:50,2017-08-05 23:59:59,ev_C,C,2,
20170805204400,2017-08-05 20:44:00,2017-08-05 23:59:59,ev_C,C,6,
20170805204410,2017-08-05 20:44:10,2017-08-05 23:59:59,ev_C,C,11,
20170805204420,2017-08-05 20:44:20,2017-08-05 23:59:59,ev_C,C,9,
20170805204430,2017-08-05 20:44:30,2017-08-05 23:59:59,ev_C,C,6,
20170805204440,2017-08-05 20:44:40,2017-08-05 23:59:59,ev_C,C,6,
20170805204450,2017-08-05 20:44:50,2017-08-05 23:59:59,ev_C,C,13,
20170805204500,2017-08-05 20:45:00,2017-08-05 23:59:59,ev_N,K,5,
20170805204510,2017-08-05 20:45:10,2017-08-05 23:59:59,ev_N,K,3,
20170805204520,2017-08-05 20:45:20,2017-08-05 23:59:59,ev_K,K,1,
20170805204530,2017-08-05 20:45:30,2017-08-05 23:59:59,ev_C,C,12,
20170805204540,2017-08-05 20:45:40,2017-08-05 23:59:59,ev_C,C,19,
20170805204550,2017-08-05 20:45:50,2017-08-05 23:59:59,ev_C,C,14,
20170805204600,2017-08-05 20:46:00,2017-08-05 23:59:59,ev_C,C,18,
20170805204610,2017-08-05 20:46:10,2017-08-05 23:59:59,ev_K,K,5,
20170805204620,2017-08-05 20:46:20,2017-08-05 23:59:59,ev_K,K,5,
20170805204630,2017-08-05 20:46:30,2017-08-05 23:59:59,ev_C,C,8,
20170805204640,2017-08-05 20:46:40,2017-08-05 23:59:59,ev_K,K,5,
20170805204650,2017-08-05 20:46:50,2017-08-05 23:59:59,ev_C,C,4,
20170805204700,2017-08-05 20:47:00,2017-08-05 23:59:59,ev_K,K,4,
20170805204710,2017-08-05 20:47:10,2017-08-05 23:59:59,ev_C,C,12,
20170805204720,2017-08-05 20:47:20,2017-08-05 23:59:59,ev_C,C,19,
20170805204730,2017-08-05 20:47:30,2017-08-05 23:59:59,ev_K,K,3,
20170805204740,2017-08-05 20:47:40,2017-08-05 23:59:59,ev_C,C,12,
20170805204750,2017-08-05 20:47:50,2017-08-05 23:59:59,ev_K,K,3,
20170805204800,2017-08-05 20:48:00,2017-08-05 23:59:59,ev_C,C,9,
20170805204810,2017-08-05 20:48:10,2017-08-05 23:59:59,ev_C,C,4,
20170805204820,2017-08-05 20:48:20,2017-08-05 23:59:59,ev_C,C,7,
20170805204830,2017-08-05 20:48:30,2017-08-05 23:59:59,ev_C,C,13,
20170805204840,2017-08-05 20:48:40,2017-08-05 23:59:59,ev_C,C,19,
20170805204850,2017-08-05 20:48:50,2017-08-05 23:59:59,ev_C,C,16,
20170805204900,2017-08-05 20:49:00,2017-08-05 23:59:59,ev_C,C,1,
20170805204910,2017-08-05 20:49:10,2017-08-05 23:59:59,ev_C,C,4,
20170805204920,2017-08-05 20:49:20,2017-08-05 23:59:59,ev_C,C,5,
20170805204930,2017-08-05 20:49:30,2017-08-05 23:59:59,ev_C,C,4,
20170805204940,2017-08-05 20:49:40,2017-08-05 23:59:59,ev_C,C,3,
20170805204950,2017-08-05 20:49:50,2017-08-05 23:59:59,ev_N,K,2,
20170805205000,2017-08-05 20:50:00,2017-08-05 23:59:59,ev_N,K,5,
20170805205010,2017-08-05 20:50:10,2017-08-05 23:59:59,ev_C,C,9,
20170805205020,2017-08-05 20:50:20,2017-08-05 23:59:59,ev_C,C,7,
20170805205030,2017-08-05 20:50:30,2017-08-05 23:59:59,ev_K,K,2,
20170805205040,2017-08-05 20:50:40,2017-08-05 23:59:59,ev_K,K,1,
20170805205050,2017-08-05 20:50:50,2017-08-05 23:59:59,ev_C,C,9,
20170805205100,2017-08-05 20:51:00,2017-08-05 23:59:59,ev_C,C,11,
20170805205110,2017-08-05 20:51:10,2017-08-05 23:59:59,ev_C,C,17,
20170805205120,2017-08-05 20:51:20,2017-08-05 23:59:59,ev_N,K,1,
20170805205130,2017-08-05 20:51:30,2017-08-05 23:59:59,ev_K,K,5,
20170805205140,2017-08-05 20:51:40,2017-08-05 23:59:59,ev_C,C,12,
20170805205150,2017-08-05 20:51:50,2017-08-05 23:59:59,ev_C,C,16,
20170805205200,2017-08-05 20:52:00,2017-08-05 23:59:59,ev_C,C,11,
20170805205210,2017-08-05 20:52:10,2017-08-05 23:59:59,ev_C,C,9,
20170805205220,2017-08-05 20:52:20,2017-08-05 23:59:59,ev_K,K,5,
20170805205230,2017-08-05 20:52:30,2017-08-05 23:59:59,ev_C,C,19,
20170805205240,2017-08-05 20:52:40,2017-08-05 23:59:59,ev_C,C,11,
20170805205250,2017-08-05 20:52:50,2017-08-05 23:59:59,ev_C,C,18,
20170805205300,2017-08-05 20:53:00,2017-08-05 23:59:59,ev_K,K,3,
20170805205310,2017-08-05 20:53:10,2017-08-05 23:59:59,ev_C,C,12,
20170805205320,2017-08-05 20:53:20,2017-08-05 23:59:59,ev_C,C,4,
20170805205330,2017-08-05 20:53:30,2017-08-05 23:59:59,ev_C,C,13,
20170805205340,2017-08-05 20:53:40,2017-08-05 23:59:59,ev_C,C,5,
20170805205350,2017-08-05 20:53:50,2017-08-05 23:59:59,ev_C,C,6,
20170805205400,2017-08-05 20:54:00,2017-08-05 23:59:59,ev_C,C,10,
20170805205410,2017-08-05 20:54:10,2017-08-05 23:59:59,ev_C,C,6,
20170805205420,2017-08-05 20:54:20,2017-08-05 23:59:59,ev_C,C,15,
20170805205430,2017-08-05 20:54:30,2017-08-05 23:59:59,ev_K,K,3,
20170805205440,2017-08-05 20:54:40,2017-08-05 23:59:59,ev_C,C,7,
20170805205450,2017-08-05 20:54:50,2017-08-05 23:59:59,ev_C,C,18,
20170805205500,2017-08-05 20:55:00,2017-08-05 23:59:59,ev_C,C,8,
20170805205510,2017-08-05 20:55:10,2017-08-05 23:59:59,ev_C,C,3,
20170805205520,2017-08-05 20:55:20,2017-08-05 23:59:59,ev_K,K,1,
20170805205530,2017-08-05 20:55:30,2017-08-05 23:59:59,ev_N,K,1,
20170805205540,2017-08-05 20:55:40,2017-08-05 23:59:59,ev_C,C,1,
20170805205550,2017-08-05 20:55:50,2017-08-05 23:59:59,ev_C,C,2,
20170805205600,2017-08-05 20:56:00,2017-08-05 23:59:59,ev_N,K,3,
20170805205610,2017-08-05 20:56:10,2017-08-05 23:59:59,ev_C,C,12,
20170805205620,2017-08-05 20:56:20,2017-08-05 23:59:59,ev_C,C,3,
20170805205630,2017-08-05 20:56:30,2017-08-05 23:59:59,ev_K,K,1,
20170805205640,2017-08-05 20:56:40,2017-08-05 23:59:59,ev_C,C,17,
20170805205650,2017-08-05 20:56:50,2017-08-05 23:59:59,ev_K,K,4,
20170805205700,2017-08-05 20:57:00,2017-08-05 23:59:59,ev_C,C,18,
20170805205710,2017-08-05 20:57:10,2017-08-05 23:59:59,ev_C,C,13,
20170805205720,2017-08-05 20:57:20,2017-08-05 23:59:59,ev_N,K,3,
20170805205730,2017-08-05 20:57:30,2017-08-05 23:59:59,ev_C,C,13,
20170805205740,2017-08-05 20:57:40,2017-08-05 23:59:59,ev_C,C,11,
20170805205750,2017-08-05 20:57:50,2017-08-05 23:59:59,ev_C,C,7,
20170805205800,2017-08-05 20:58:00,2017-08-05 23:59:59,ev_K,K,3,
20170805205810,2017-08-05 20:58:10,2017-08-05 23:59:59,ev_C,C,5,
20170805205820,2017-08-05 20:58:20,2017-08-05 23:59:59,ev_C,C,20,
20170805205830,2017-08-05 20:58:30,2017-08-05 23:59:59,ev_C,C,15,
20170805205840,2017-08-05 20:58:40,2017-08-05 23:59:59,ev_C,C,7,
20170805205850,2017-08-05 20:58:50,2017-08-05 23:59:59,ev_C,C,7,
20170805205900,2017-08-05 20:59:00,2017-08-05 23:59:59,ev_C,C,17,
20170805205910,2017-08-05 20:59:10,2017-08-05 23:59:59,ev_C,C,18,
20170805205920,2017-08-05 20:59:20,2017-08-05 23:59:59,ev_C,C,4,
20170805205930,2017-08-05 20:59:30,2017-08-05 23:59:59,ev_N,K,4,
20170805205940,2017-08-05 20:59:40,2017-08-05 23:59:59,ev_C,C,19,
20170805205950,2017-08-05 20:59:50,2017-08-05 23:59:59,ev_C,C,6,
20170805210000,2017-08-05 21:00:00,2017-08-05 23:59:59,ev_K,K,1,
20170805210010,2017-08-05 21:00:10,2017-08-05 23:59:59,ev_C,C,12,
20170805210020,2017-08-05 21:00:20,2017-08-05 23:59:59,ev_C,C,11,
20170805210030,2017-08-05 21:00:30,2017-08-05 23:59:59,ev_C,C,2,
20170805210040,2017-08-05 21:00:40,2017-08-05 23:59:59,ev_C,C,2,
20170805210050,2017-08-05 21:00:50,2017-08-05 23:59:59,ev_C,C,13,
20170805210100,2017-08-05 21:01:00,2017-08-05 23:59:59,ev_C,C,11,
20170805210110,2017-08-05 21:01:10,2017-08-05 23:59:59,ev_C,C,2,
20170805210120,2017-08-05 21:01:20,2017-08-05 23:59:59,ev_C,C,6,
20170805210130,2017-08-05 21:01:30,2017-08-05 23:59:59,ev_C,C,2,
20170805210140,2017-08-05 21:01:40,2017-08-05 23:59:59,ev_N,K,3,
20170805210150,2017-08-05 21:01:50,2017-08-05 23:59:59,ev_C,C,14,
20170805210200,2017-08-05 21:02:00,2017-08-05 23:59:59,ev_K,K,3,
20170805210210,2017-08-05 21:02:10,2017-08-05 23:59:59,ev_C,C,1,
20170805210220,2017-08-05 21:02:20,2017-08-05 23:59:59,ev_K,K,4,
20170805210230,2017-08-05 21:02:30,2017-08-05 23:59:59,ev_C,C,19,
20170805210240,2017-08-05 21:02:40,2017-08-05 23:59:59,ev_K,K,1,
20170805210250,2017-08-05 21:02:50,2017-08-05 23:59:59,ev_K,K,4,
20170805210300,2017-08-05 21:03:00,2017-08-05 23:59:59,ev_K,K,4,
20170805210310,2017-08-05 21:03:10,2017-08-05 23:59:59,ev_K,K,4,
20170805210320,2017-08-05 21:03:20,2017-08-05 23:59:59,ev_N,K,1,
20170805210330,2017-08-05 21:03:30,2017-08-05 23:59:59,ev_K,K,5,
20170805210340,2017-08-05 21:03:40,2017-08-05 23:59:59,ev_C,C,19,
20170805210350,2017-08-05 21:03:50,2017-08-05 23:59:59,ev_K,K,3,
20170805210400,2017-08-05 21:04:00,2017-08-05 23:59:59,ev_C,C,17,
20170805210410,2017-08-05 21:04:10,2017-08-05 23:59:59,ev_K,K,1,
20170805210420,2017-08-05 21:04:20,2017-08-05 23:59:59,ev_C,C,2,
20170805210430,2017-08-05 21:04:30,2017-08-05 23:59:59,ev_K,K,2,
20170805210440,2017-08-05 21:04:40,2017-08-05 23:59:59,ev_K,K,3,
20170805210450,2017-08-05 21:04:50,2017-08-05 23:59:59,ev_C,C,16,
20170805210500,2017-08-05 21:05:00,2017-08-05 23:59:59,ev_K,K,1,
20170805210510,2017-08-05 21:05:10,2017-08-05 23:59:59,ev_K,K,4,
20170805210520,2017-08-05 21:05:20,2017-08-05 23:59:59,ev_N,K,5,
20170805210530,2017-08-05 21:05:30,2017-08-05 23:59:59,ev_C,C,17,
20170805210540,2017-08-05 21:05:40,2017-08-05 23:59:59,ev_C,C,18,
20170805210550,2017-08-05 21:05:50,2017-08-05 23:59:59,ev_K,K,1,
20170805210600,2017-08-05 21:06:00,2017-08-05 23:59:59,ev_C,C,16,
20170805210610,2017-08-05 21:06:10,2017-08-05 23:59:59,ev_K,K,2,
20170805210620,2017-08-05 21:06:20,2017-08-05 23:59:59,ev_C,C,1,
20170805210630,2017-08-05 21:06:30,2017-08-05 23:59:59,ev_C,C,10,
20170805210640,2017-08-05 21:06:40,2017-08-05 23:59:59,ev_C,C,16,
20170805210650,2017-08-05 21:06:50,2017-08-05 23:59:59,ev_C,C,3,
20170805210700,2017-08-05 21:07:00,2017-08-05 23:59:59,ev_C,C,8,
20170805210710,2017-08-05 21:07:10,2017-08-05 23:59:59,ev_C,C,13,
20170805210720,2017-08-05 21:07:20,2017-08-05 23:59:59,ev_C,C,2,
20170805210730,2017-08-05 21:07:30,2017-08-05 23:59:59,ev_C,C,17,
20170805210740,2017-08-05 21:07:40,2017-08-05 23:59:59,ev_C,C,15,
20170805210750,2017-08-05 21:07:50,2017-08-05 23:59:59,ev_C,C,4,
20170805210800,2017-08-05 21:08:00,2017-08-05 23:59:59,ev_C,C,12,
20170805210810,2017-08-05 21:08:10,2017-08-05 23:59:59,ev_C,C,9,
20170805210820,2017-08-05 21:08:20,2017-08-05 23:59:59,ev_C,C,14,
20170805210830,2017-08-05 21:08:30,2017-08-05 23:59:59,ev_C,C,4,
20170805210840,2017-08-05 21:08:40,2017-08-05 23:59:59,ev_C,C,1,
20170805210850,2017-08-05 21:08:50,2017-08-05 23:59:59,ev_C,C,9,
20170805210900,2017-08-05 21:09:00,2017-08-05 23:59:59,ev_C,C,5,
20170805210910,2017-08-05 21:09:10,2017-08-05 23:59:59,ev_C,C,5,
20170805210920,2017-08-05 21:09:20,2017-08-05 23:59:59,ev_C,C,6,
20170805210930,2017-08-05 21:09:30,2017-08-05 23:59:59,ev_C,C,5,
20170805210940,2017-08-05 21:09:40,2017-08-05 23:59:59,ev_C,C,6,
20170805210950,2017-08-05 21:09:50,2017-08-05 23:59:59,ev_K,K,2,
20170805211000,2017-08-05 21:10:00,2017-08-05 23:59:59,ev_K,K,2,
20170805211010,2017-08-05 21:10:10,2017-08-05 23:59:59,ev_C,C,18,
20170805211020,2017-08-05 21:10:20,2017-08-05 23:59:59,ev_K,K,2,
20170805211030,2017-08-05 21:10:30,2017-08-05 23:59:59,ev_C,C,6,
20170805211040,2017-08-05 21:10:40,2017-08-05 23:59:59,ev_C,C,12,
20170805211050,2017-08-05 21:10:50,2017-08-05 23:59:59,ev_C,C,7,
20170805211100,2017-08-05 21:11:00,2017-08-05 23:59:59,ev_K,K,5,
20170805211110,2017-08-05 21:11:10,2017-08-05 23:59:59,ev_C,C,7,
20170805211120,2017-08-05 21:11:20,2017-08-05 23:59:59,ev_C,C,9,
20170805211130,2017-08-05 21:11:30,2017-08-05 23:59:59,ev_K,K,3,
20170805211140,2017-08-05 21:11:40,2017-08-05 23:59:59,ev_K,K,1,
20170805211150,2017-08-05 21:11:50,2017-08-05 23:59:59,ev_C,C,13,
20170805211200,2017-08-05 21:12:00,2017-08-05 23:59:59,ev_C,C,16,
20170805211210,2017-08-05 21:12:10,2017-08-05 23:59:59,ev_C,C,3,
20170805211220,2017-08-05 21:12:20,2017-08-05 23:59:59,ev_C,C,7,
20170805211230,2017-08-05 21:12:30,2017-08-05 23:59:59,ev_N,K,4,
20170805211240,2017-08-05 21:12:40,2017-08-05 23:59:59,ev_K,K,3,
20170805211250,2017-08-05 21:12:50,2017-08-05 23:59:59,ev_K,K,4,
20170805211300,2017-08-05 21:13:00,2017-08-05 23:59:59,ev_C,C,12,
20170805211310,2017-08-05 21:13:10,2017-08-05 23:59:59,ev_N,K,5,
20170805211320,2017-08-05 21:13:20,2017-08-05 23:59:59,ev_K,K,5,
20170805211330,2017-08-05 21:13:30,2017-08-05 23:59:59,ev_C,C,13,
20170805211340,2017-08-05 21:13:40,2017-08-05 23:59:59,ev_C,C,4,
20170805211350,2017-08-05 21:13:50,2017-08-05 23:59:59,ev_C,C,20,
20170805211400,2017-08-05 21:14:00,2017-08-05 23:59:59,ev_C,C,12,
20170805211410,2017-08-05 21:14:10,2017-08-05 23:59:59,ev_N,K,2,
20170805211420,2017-08-05 21:14:20,2017-08-05 23:59:59,ev_C,C,13,
20170805211430,2017-08-05 21:14:30,2017-08-05 23:59:59,ev_C,C,4,
20170805211440,2017-08-05 21:14:40,2017-08-05 23:59:59,ev_K,K,2,
20170805211450,2017-08-05 21:14:50,2017-08-05 23:59:59,ev_K,K,4,
20170805211500,2017-08-05 21:15:00,2017-08-05 23:59:59,ev_C,C,9,
20170805211510,2017-08-05 21:15:10,2017-08-05 23:59:59,ev_C,C,4,
20170805211520,2017-08-05 21:15:20,2017-08-05 23:59:59,ev_C,C,13,
20170805211530,2017-08-05 21:15:30,2017-08-05 23:59:59,ev_K,K,2,
20170805211540,2017-08-05 21:15:40,2017-08-05 23:59:59,ev_C,C,7,
20170805211550,2017-08-05 21:15:50,2017-08-05 23:59:59,ev_C,C,17,
20170805211600,2017-08-05 21:16:00,2017-08-05 23:59:59,ev_C,C,10,
20170805211610,2017-08-05 21:16:10,2017-08-05 23:59:59,ev_C,C,10,
20170805211620,2017-08-05 21:16:20,2017-08-05 23:59:59,ev_C,C,4,
20170805211630,2017-08-05 21:16:30,2017-08-05 23:59:59,ev_K,K,2,
20170805211640,2017-08-05 21:16:40,2017-08-05 23:59:59,ev_C,C,9,
20170805211650,2017-08-05 21:16:50,2017-08-05 23:59:59,ev_C,C,18,
20170805211700,2017-08-05 21:17:00,2017-08-05 23:59:59,ev_K,K,5,
20170805211710,2017-08-05 21:17:10,2017-08-05 23:59:59,ev_C,C,20,
20170805211720,2017-08-05 21:17:20,2017-08-05 23:59:59,ev_C,C,18,
20170805211730,2017-08-05 21:17:30,2017-08-05 23:59:59,ev_C,C,16,
20170805211740,2017-08-05 21:17:40,2017-08-05 23:59:59,ev_C,C,13,
20170805211750,2017-08-05 21:17:50,2017-08-05 23:59:59,ev_C,C,14,
20170805211800,2017-08-05 21:18:00,2017-08-05 23:59:59,ev_C,C,4,
20170805211810,2017-08-05 21:18:10,2017-08-05 23:59:59,ev_C,C,19,
20170805211820,2017-08-05 21:18:20,2017-08-05 23:59:59,ev_N,K,4,
20170805211830,2017-08-05 21:18:30,2017-08-05 23:59:59,ev_C,C,20,
20170805211840,2017-08-05 21:18:40,2017-08-05 23:59:59,ev_C,C,3,
20170805211850,2017-08-05 21:18:50,2017-08-05 23:59:59,ev_K,K,4,
20170805211900,2017-08-05 21:19:00,2017-08-05 23:59:59,ev_K,K,5,
20170805211910,2017-08-05 21:19:10,2017-08-05 23:59:59,ev_C,C,5,
20170805211920,2017-08-05 21:19:20,2017-08-05 23:59:59,ev_C,C,12,
20170805211930,2017-08-05 21:19:30,2017-08-05 23:59:59,ev_C,C,14,
20170805211940,2017-08-05 21:19:40,2017-08-05 23:59:59,ev_C,C,3,
20170805211950,2017-08-05 21:19:50,2017-08-05 23:59:59,ev_N,K,5,
20170805212000,2017-08-05 21:20:00,2017-08-05 23:59:59,ev_C,C,3,
20170805212010,2017-08-05 21:20:10,2017-08-05 23:59:59,ev_K,K,1,
20170805212020,2017-08-05 21:20:20,2017-08-05 23:59:59,ev_C,C,15,
20170805212030,2017-08-05 21:20:30,2017-08-05 23:59:59,ev_N,K,3,
20170805212040,2017-08-05 21:20:40,2017-08-05 23:59:59,ev_C,C,18,
20170805212050,2017-08-05 21:20:50,2017-08-05 23:59:59,ev_C,C,20,
20170805212100,2017-08-05 21:21:00,2017-08-05 23:59:59,ev_C,C,4,
20170805212110,2017-08-05 21:21:10,2017-08-05 23:59:59,ev_K,K,5,
20170805212120,2017-08-05 21:21:20,2017-08-05 23:59:59,ev_C,C,4,
20170805212130,2017-08-05 21:21:30,2017-08-05 23:59:59,ev_K,K,4,
20170805212140,2017-08-05 21:21:40,2017-08-05 23:59:59,ev_N,K,3,
20170805212150,2017-08-05 21:21:50,2017-08-05 23:59:59,ev_K,K,1,
20170805212200,2017-08-05 21:22:00,2017-08-05 23:59:59,ev_N,K,4,
20170805212210,2017-08-05 21:22:10,2017-08-05 23:59:59,ev_K,K,4,
20170805212220,2017-08-05 21:22:20,2017-08-05 23:59:59,ev_C,C,15,
20170805212230,2017-08-05 21:22:30,2017-08-05 23:59:59,ev_C,C,14,
20170805212240,2017-08-05 21:22:40,2017-08-05 23:59:59,ev_C,C,16,
20170805212250,2017-08-05 21:22:50,2017-08-05 23:59:59,ev_C,C,10,
20170805212300,2017-08-05 21:23:00,2017-08-05 23:59:59,ev_C,C,12,
20170805212310,2017-08-05 21:23:10,2017-08-05 23:59:59,ev_C,C,13,
20170805212320,2017-08-05 21:23:20,2017-08-05 23:59:59,ev_K,K,1,
20170805212330,2017-08-05 21:23:30,2017-08-05 23:59:59,ev_C,C,10,
20170805212340,2017-08-05 21:23:40,2017-08-05 23:59:59,ev_C,C,8,
20170805212350,2017-08-05 21:23:50,2017-08-05 23:59:59,ev_K,K,5,
20170805212400,2017-08-05 21:24:00,2017-08-05 23:59:59,ev_C,C,3,
20170805212410,2017-08-05 21:24:10,2017-08-05 23:59:59,ev_K,K,3,
20170805212420,2017-08-05 21:24:20,2017-08-05 23:59:59,ev_C,C,10,
20170805212430,2017-08-05 21:24:30,2017-08-05 23:59:59,ev_K,K,1,
20170805212440,2017-08-05 21:24:40,2017-08-05 23:59:59,ev_C,C,6,
20170805212450,2017-08-05 21:24:50,2017-08-05 23:59:59,ev_C,C,13,
20170805212500,2017-08-05 21:25:00,2017-08-05 23:59:59,ev_K,K,1,
20170805212510,2017-08-05 21:25:10,2017-08-05 23:59:59,ev_C,C,13,
20170805212520,2017-08-05 21:25:20,2017-08-05 23:59:59,ev_C,C,16,
20170805212530,2017-08-05 21:25:30,2017-08-05 23:59:59,ev_C,C,12,
20170805212540,2017-08-05 21:25:40,2017-08-05 23:59:59,ev_K,K,1,
20170805212550,2017-08-05 21:25:50,2017-08-05 23:59:59,ev_C,C,1,
20170805212600,2017-08-05 21:26:00,2017-08-05 23:59:59,ev_C,C,16,
20170805212610,2017-08-05 21:26:10,2017-08-05 23:59:59,ev_K,K,3,
20170805212620,2017-08-05 21:26:20,2017-08-05 23:59:59,ev_C,C,7,
20170805212630,2017-08-05 21:26:30,2017-08-05 23:59:59,ev_C,C,16,
20170805212640,2017-08-05 21:26:40,2017-08-05 23:59:59,ev_C,C,14,
20170805212650,2017-08-05 21:26:50,2017-08-05 23:59:59,ev_C,C,4,
20170805212700,2017-08-05 21:27:00,2017-08-05 23:59:59,ev_K,K,1,
20170805212710,2017-08-05 21:27:10,2017-08-05 23:59:59,ev_K,K,3,
20170805212720,2017-08-05 21:27:20,2017-08-05 23:59:59,ev_C,C,19,
20170805212730,2017-08-05 21:27:30,2017-08-05 23:59:59,ev_C,C,5,
20170805212740,2017-08-05 21:27:40,2017-08-05 23:59:59,ev_C,C,2,
20170805212750,2017-08-05 21:27:50,2017-08-05 23:59:59,ev_C,C,14,
20170805212800,2017-08-05 21:28:00,2017-08-05 23:59:59,ev_C,C,7,
20170805212810,2017-08-05 21:28:10,2017-08-05 23:59:59,ev_C,C,4,
20170805212820,2017-08-05 21:28:20,2017-08-05 23:59:59,ev_C,C,14,
20170805212830,2017-08-05 21:28:30,2017-08-05 23:59:59,ev_C,C,18,
20170805212840,2017-08-05 21:28:40,2017-08-05 23:59:59,ev_K,K,3,
20170805212850,2017-08-05 21:28:50,2017-08-05 23:59:59,ev_K,K,1,
20170805212900,2017-08-05 21:29:00,2017-08-05 23:59:59,ev_C,C,17,
20170805212910,2017-08-05 21:29:10,2017-08-05 23:59:59,ev_K,K,1,
20170805212920,2017-08-05 21:29:20,2017-08-05 23:59:59,ev_C,C,9,
20170805212930,2017-08-05 21:29:30,2017-08-05 23:59:59,ev_C,C,19,
20170805212940,2017-08-05 21:29:40,2017-08-05 23:59:59,ev_C,C,4,
20170805212950,2017-08-05 21:29:50,2017-08-05 23:59:59,ev_C,C,19,
20170805213000,2017-08-05 21:30:00,2017-08-05 23:59:59,ev_C,C,13,
20170805213010,2017-08-05 21:30:10,2017-08-05 23:59:59,ev_C,C,13,
20170805213020,2017-08-05 21:30:20,2017-08-05 23:59:59,ev_K,K,1,
20170805213030,2017-08-05 21:30:30,2017-08-05 23:59:59,ev_C,C,12,
20170805213040,2017-08-05 21:30:40,2017-08-05 23:59:59,ev_C,C,11,
20170805213050,2017-08-05 21:30:50,2017-08-05 23:59:59,ev_C,C,8,
20170805213100,2017-08-05 21:31:00,2017-08-05 23:59:59,ev_K,K,3,
20170805213110,2017-08-05 21:31:10,2017-08-05 23:59:59,ev_C,C,4,
20170805213120,2017-08-05 21:31:20,2017-08-05 23:59:59,ev_C,C,19,
20170805213130,2017-08-05 21:31:30,2017-08-05 23:59:59,ev_C,C,1,
20170805213140,2017-08-05 21:31:40,2017-08-05 23:59:59,ev_C,C,1,
20170805213150,2017-08-05 21:31:50,2017-08-05 23:59:59,ev_C,C,8,
20170805213200,2017-08-05 21:32:00,2017-08-05 23:59:59,ev_N,K,4,
20170805213210,2017-08-05 21:32:10,2017-08-05 23:59:59,ev_C,C,7,
20170805213220,2017-08-05 21:32:20,2017-08-05 23:59:59,ev_C,C,7,
20170805213230,2017-08-05 21:32:30,2017-08-05 23:59:59,ev_C,C,1,
20170805213240,2017-08-05 21:32:40,2017-08-05 23:59:59,ev_C,C,5,
20170805213250,2017-08-05 21:32:50,2017-08-05 23:59:59,ev_C,C,11,
20170805213300,2017-08-05 21:33:00,2017-08-05 23:59:59,ev_C,C,12,
20170805213310,2017-08-05 21:33:10,2017-08-05 23:59:59,ev_C,C,16,
20170805213320,2017-08-05 21:33:20,2017-08-05 23:59:59,ev_C,C,20,
20170805213330,2017-08-05 21:33:30,2017-08-05 23:59:59,ev_K,K,2,
20170805213340,2017-08-05 21:33:40,2017-08-05 23:59:59,ev_C,C,12,
20170805213350,2017-08-05 21:33:50,2017-08-05 23:59:59,ev_C,C,11,
20170805213400,2017-08-05 21:34:00,2017-08-05 23:59:59,ev_K,K,3,
20170805213410,2017-08-05 21:34:10,2017-08-05 23:59:59,ev_C,C,15,
20170805213420,2017-08-05 21:34:20,2017-08-05 23:59:59,ev_C,C,10,
20170805213430,2017-08-05 21:34:30,2017-08-05 23:59:59,ev_C,C,5,
20170805213440,2017-08-05 21:34:40,2017-08-05 23:59:59,ev_N,K,4,
20170805213450,2017-08-05 21:34:50,2017-08-05 23:59:59,ev_C,C,4,
20170805213500,2017-08-05 21:35:00,2017-08-05 23:59:59,ev_K,K,1,
20170805213510,2017-08-05 21:35:10,2017-08-05 23:59:59,ev_C,C,13,
20170805213520,2017-08-05 21:35:20,2017-08-05 23:59:59,ev_C,C,12,
20170805213530,2017-08-05 21:35:30,2017-08-05 23:59:59,ev_C,C,8,
20170805213540,2017-08-05 21:35:40,2017-08-05 23:59:59,ev_N,K,4,
20170805213550,2017-08-05 21:35:50,2017-08-05 23:59:59,ev_K,K,2,
20170805213600,2017-08-05 21:36:00,2017-08-05 23:59:59,ev_K,K,1,
20170805213610,2017-08-05 21:36:10,2017-08-05 23:59:59,ev_C,C,20,
20170805213620,2017-08-05 21:36:20,2017-08-05 23:59:59,ev_N,K,3,
20170805213630,2017-08-05 21:36:30,2017-08-05 23:59:59,ev_C,C,3,
20170805213640,2017-08-05 21:36:40,2017-08-05 23:59:59,ev_C,C,10,
20170805213650,2017-08-05 21:36:50,2017-08-05 23:59:59,ev_C,C,10,
20170805213700,2017-08-05 21:37:00,2017-08-05 23:59:59,ev_C,C,14,
20170805213710,2017-08-05 21:37:10,2017-08-05 23:59:59,ev_K,K,4,
20170805213720,2017-08-05 21:37:20,2017-08-05 23:59:59,ev_N,K,5,
20170805213730,2017-08-05 21:37:30,2017-08-05 23:59:59,ev_C,C,13,
20170805213740,2017-08-05 21:37:40,2017-08-05 23:59:59,ev_C,C,3,
20170805213750,2017-08-05 21:37:50,2017-08-05 23:59:59,ev_K,K,1,
20170805213800,2017-08-05 21:38:00,2017-08-05 23:59:59,ev_C,C,16,
20170805213810,2017-08-05 21:38:10,2017-08-05 23:59:59,ev_C,C,2,
20170805213820,2017-08-05 21:38:20,2017-08-05 23:59:59,ev_C,C,18,
20170805213830,2017-08-05 21:38:30,2017-08-05 23:59:59,ev_N,K,4,
20170805213840,2017-08-05 21:38:40,2017-08-05 23:59:59,ev_C,C,6,
20170805213850,2017-08-05 21:38:50,2017-08-05 23:59:59,ev_C,C,20,
20170805213900,2017-08-05 21:39:00,2017-08-05 23:59:59,ev_C,C,14,
20170805213910,2017-08-05 21:39:10,2017-08-05 23:59:59,ev_N,K,5,
20170805213920,2017-08-05 21:39:20,2017-08-05 23:59:59,ev_C,C,9,
20170805213930,2017-08-05 21:39:30,2017-08-05 23:59:59,ev_C,C,12,
20170805213940,2017-08-05 21:39:40,2017-08-05 23:59:59,ev_K,K,4,
20170805213950,2017-08-05 21:39:50,2017-08-05 23:59:59,ev_C,C,6,
20170805214000,2017-08-05 21:40:00,2017-08-05 23:59:59,ev_K,K,4,
20170805214010,2017-08-05 21:40:10,2017-08-05 23:59:59,ev_C,C,8,
20170805214020,2017-08-05 21:40:20,2017-08-05 23:59:59,ev_K,K,1,
20170805214030,2017-08-05 21:40:30,2017-08-05 23:59:59,ev_C,C,10,
20170805214040,2017-08-05 21:40:40,2017-08-05 23:59:59,ev_K,K,3,
20170805214050,2017-08-05 21:40:50,2017-08-05 23:59:59,ev_C,C,15,
20170805214100,2017-08-05 21:41:00,2017-08-05 23:59:59,ev_C,C,11,
20170805214110,2017-08-05 21:41:10,2017-08-05 23:59:59,ev_K,K,4,
20170805214120,2017-08-05 21:41:20,2017-08-05 23:59:59,ev_C,C,16,
20170805214130,2017-08-05 21:41:30,2017-08-05 23:59:59,ev_C,C,17,
20170805214140,2017-08-05 21:41:40,2017-08-05 23:59:59,ev_C,C,1,
20170805214150,2017-08-05 21:41:50,2017-08-05 23:59:59,ev_K,K,2,
20170805214200,2017-08-05 21:42:00,2017-08-05 23:59:59,ev_K,K,1,
20170805214210,2017-08-05 21:42:10,2017-08-05 23:59:59,ev_C,C,4,
20170805214220,2017-08-05 21:42:20,2017-08-05 23:59:59,ev_C,C,6,
20170805214230,2017-08-05 21:42:30,2017-08-05 23:59:59,ev_C,C,17,
20170805214240,2017-08-05 21:42:40,2017-08-05 23:59:59,ev_K,K,5,
20170805214250,2017-08-05 21:42:50,2017-08-05 23:59:59,ev_K,K,4,
20170805214300,2017-08-05 21:43:00,2017-08-05 23:59:59,ev_C,C,17,
20170805214310,2017-08-05 21:43:10,2017-08-05 23:59:59,ev_C,C,2,
20170805214320,2017-08-05 21:43:20,2017-08-05 23:59:59,ev_C,C,3,
20170805214330,2017-08-05 21:43:30,2017-08-05 23:59:59,ev_C,C,1,
20170805214340,2017-08-05 21:43:40,2017-08-05 23:59:59,ev_C,C,10,
20170805214350,2017-08-05 21:43:50,2017-08-05 23:59:59,ev_C,C,8,
20170805214400,2017-08-05 21:44:00,2017-08-05 23:59:59,ev_C,C,11,
20170805214410,2017-08-05 21:44:10,2017-08-05 23:59:59,ev_K,K,4,
20170805214420,2017-08-05 21:44:20,2017-08-05 23:59:59,ev_C,C,5,
20170805214430,2017-08-05 21:44:30,2017-08-05 23:59:59,ev_C,C,10,
20170805214440,2017-08-05 21:44:40,2017-08-05 23:59:59,ev_C,C,3,
20170805214450,2017-08-05 21:44:50,2017-08-05 23:59:59,ev_C,C,10,
20170805214500,2017-08-05 21:45:00,2017-08-05 23:59:59,ev_C,C,3,
20170805214510,2017-08-05 21:45:10,2017-08-05 23:59:59,ev_C,C,12,
20170805214520,2017-08-05 21:45:20,2017-08-05 23:59:59,ev_N,K,4,
20170805214530,2017-08-05 21:45:30,2017-08-05 23:59:59,ev_C,C,11,
20170805214540,2017-08-05 21:45:40,2017-08-05 23:59:59,ev_C,C,16,
20170805214550,2017-08-05 21:45:50,2017-08-05 23:59:59,ev_C,C,14,
20170805214600,2017-08-05 21:46:00,2017-08-05 23:59:59,ev_C,C,4,
20170805214610,2017-08-05 21:46:10,2017-08-05 23:59:59,ev_K,K,1,
20170805214620,2017-08-05 21:46:20,2017-08-05 23:59:59,ev_C,C,20,
20170805214630,2017-08-05 21:46:30,2017-08-05 23:59:59,ev_C,C,12,
20170805214640,2017-08-05 21:46:40,2017-08-05 23:59:59,ev_K,K,4,
20170805214650,2017-08-05 21:46:50,2017-08-05 23:59:59,ev_N,K,5,
20170805214700,2017-08-05 21:47:00,2017-08-05 23:59:59,ev_C,C,14,
20170805214710,2017-08-05 21:47:10,2017-08-05 23:59:59,ev_C,C,19,
20170805214720,2017-08-05 21:47:20,2017-08-05 23:59:59,ev_C,C,14,
20170805214730,2017-08-05 21:47:30,2017-08-05 23:59:59,ev_C,C,11,
20170805214740,2017-08-05 21:47:40,2017-08-05 23:59:59,ev_C,C,20,
20170805214750,2017-08-05 21:47:50,2017-08-05 23:59:59,ev_C,C,9,
20170805214800,2017-08-05 21:48:00,2017-08-05 23:59:59,ev_C,C,7,
20170805214810,2017-08-05 21:48:10,2017-08-05 23:59:59,ev_C,C,12,
20170805214820,2017-08-05 21:48:20,2017-08-05 23:59:59,ev_C,C,1,
20170805214830,2017-08-05 21:48:30,2017-08-05 23:59:59,ev_C,C,4,
20170805214840,2017-08-05 21:48:40,2017-08-05 23:59:59,ev_C,C,5,
20170805214850,2017-08-05 21:48:50,2017-08-05 23:59:59,ev_C,C,13,
20170805214900,2017-08-05 21:49:00,2017-08-05 23:59:59,ev_C,C,7,
20170805214910,2017-08-05 21:49:10,2017-08-05 23:59:59,ev_K,K,4,
20170805214920,2017-08-05 21:49:20,2017-08-05 23:59:59,ev_C,C,20,
20170805214930,2017-08-05 21:49:30,2017-08-05 23:59:59,ev_C,C,20,
20170805214940,2017-08-05 21:49:40,2017-08-05 23:59:59,ev_C,C,15,
20170805214950,2017-08-05 21:49:50,2017-08-05 23:59:59,ev_C,C,8,
20170805215000,2017-08-05 21:50:00,2017-08-05 23:59:59,ev_K,K,1,
20170805215010,2017-08-05 21:50:10,2017-08-05 23:59:59,ev_K,K,4,
20170805215020,2017-08-05 21:50:20,2017-08-05 23:59:59,ev_C,C,20,
20170805215030,2017-08-05 21:50:30,2017-08-05 23:59:59,ev_N,K,1,
20170805215040,2017-08-05 21:50:40,2017-08-05 23:59:59,ev_C,C,7,
20170805215050,2017-08-05 21:50:50,2017-08-05 23:59:59,ev_C,C,18,
20170805215100,2017-08-05 21:51:00,2017-08-05 23:59:59,ev_C,C,18,
20170805215110,2017-08-05 21:51:10,2017-08-05 23:59:59,ev_K,K,1,
20170805215120,2017-08-05 21:51:20,2017-08-05 23:59:59,ev_C,C,5,
20170805215130,2017-08-05 21:51:30,2017-08-05 23:59:59,ev_C,C,15,
20170805215140,2017-08-05 21:51:40,2017-08-05 23:59:59,ev_C,C,5,
20170805215150,2017-08-05 21:51:50,2017-08-05 23:59:59,ev_C,C,10,
20170805215200,2017-08-05 21:52:00,2017-08-05 23:59:59,ev_C,C,13,
20170805215210,2017-08-05 21:52:10,2017-08-05 23:59:59,ev_N,K,4,
20170805215220,2017-08-05 21:52:20,2017-08-05 23:59:59,ev_N,K,3,
20170805215230,2017-08-05 21:52:30,2017-08-05 23:59:59,ev_K,K,4,
20170805215240,2017-08-05 21:52:40,2017-08-05 23:59:59,ev_K,K,3,
20170805215250,2017-08-05 21:52:50,2017-08-05 23:59:59,ev_C,C,15,
20170805215300,2017-08-05 21:53:00,2017-08-05 23:59:59,ev_C,C,4,
20170805215310,2017-08-05 21:53:10,2017-08-05 23:59:59,ev_C,C,20,
20170805215320,2017-08-05 21:53:20,2017-08-05 23:59:59,ev_K,K,2,
20170805215330,2017-08-05 21:53:30,2017-08-05 23:59:59,ev_N,K,2,
20170805215340,2017-08-05 21:53:40,2017-08-05 23:59:59,ev_K,K,1,
20170805215350,2017-08-05 21:53:50,2017-08-05 23:59:59,ev_C,C,3,
20170805215400,2017-08-05 21:54:00,2017-08-05 23:59:59,ev_N,K,4,
20170805215410,2017-08-05 21:54:10,2017-08-05 23:59:59,ev_C,C,19,
20170805215420,2017-08-05 21:54:20,2017-08-05 23:59:59,ev_C,C,9,
20170805215430,2017-08-05 21:54:30,2017-08-05 23:59:59,ev_C,C,9,
20170805215440,2017-08-05 21:54:40,2017-08-05 23:59:59,ev_C,C,3,
20170805215450,2017-08-05 21:54:50,2017-08-05 23:59:59,ev_K,K,5,
20170805215500,2017-08-05 21:55:00,2017-08-05 23:59:59,ev_C,C,19,
20170805215510,2017-08-05 21:55:10,2017-08-05 23:59:59,ev_C,C,20,
20170805215520,2017-08-05 21:55:20,2017-08-05 23:59:59,ev_C,C,17,
20170805215530,2017-08-05 21:55:30,2017-08-05 23:59:59,ev_C,C,4,
20170805215540,2017-08-05 21:55:40,2017-08-05 23:59:59,ev_C,C,12,
20170805215550,2017-08-05 21:55:50,2017-08-05 23:59:59,ev_C,C,9,
20170805215600,2017-08-05 21:56:00,2017-08-05 23:59:59,ev_C,C,10,
20170805215610,2017-08-05 21:56:10,2017-08-05 23:59:59,ev_C,C,20,
20170805215620,2017-08-05 21:56:20,2017-08-05 23:59:59,ev_C,C,6,
20170805215630,2017-08-05 21:56:30,2017-08-05 23:59:59,ev_C,C,13,
20170805215640,2017-08-05 21:56:40,2017-08-05 23:59:59,ev_C,C,13,
20170805215650,2017-08-05 21:56:50,2017-08-05 23:59:59,ev_C,C,12,
20170805215700,2017-08-05 21:57:00,2017-08-05 23:59:59,ev_C,C,2,
20170805215710,2017-08-05 21:57:10,2017-08-05 23:59:59,ev_C,C,3,
20170805215720,2017-08-05 21:57:20,2017-08-05 23:59:59,ev_C,C,13,
20170805215730,2017-08-05 21:57:30,2017-08-05 23:59:59,ev_C,C,4,
20170805215740,2017-08-05 21:57:40,2017-08-05 23:59:59,ev_C,C,20,
20170805215750,2017-08-05 21:57:50,2017-08-05 23:59:59,ev_C,C,7,
20170805215800,2017-08-05 21:58:00,2017-08-05 23:59:59,ev_C,C,12,
20170805215810,2017-08-05 21:58:10,2017-08-05 23:59:59,ev_C,C,2,
20170805215820,2017-08-05 21:58:20,2017-08-05 23:59:59,ev_C,C,6,
20170805215830,2017-08-05 21:58:30,2017-08-05 23:59:59,ev_N,K,1,
20170805215840,2017-08-05 21:58:40,2017-08-05 23:59:59,ev_C,C,13,
20170805215850,2017-08-05 21:58:50,2017-08-05 23:59:59,ev_C,C,17,
20170805215900,2017-08-05 21:59:00,2017-08-05 23:59:59,ev_K,K,3,
20170805215910,2017-08-05 21:59:10,2017-08-05 23:59:59,ev_C,C,20,
20170805215920,2017-08-05 21:59:20,2017-08-05 23:59:59,ev_K,K,2,
20170805215930,2017-08-05 21:59:30,2017-08-05 23:59:59,ev_N,K,5,
20170805215940,2017-08-05 21:59:40,2017-08-05 23:59:59,ev_C,C,14,
20170805215950,2017-08-05 21:59:50,2017-08-05 23:59:59,ev_N,K,1,
20170805220000,2017-08-05 22:00:00,2017-08-05 23:59:59,ev_C,C,5,
20170805220010,2017-08-05 22:00:10,2017-08-05 23:59:59,ev_C,C,16,
20170805220020,2017-08-05 22:00:20,2017-08-05 23:59:59,ev_C,C,12,
20170805220030,2017-08-05 22:00:30,2017-08-05 23:59:59,ev_C,C,10,
20170805220040,2017-08-05 22:00:40,2017-08-05 23:59:59,ev_C,C,16,
20170805220050,2017-08-05 22:00:50,2017-08-05 23:59:59,ev_C,C,11,
20170805220100,2017-08-05 22:01:00,2017-08-05 23:59:59,ev_C,C,2,
20170805220110,2017-08-05 22:01:10,2017-08-05 23:59:59,ev_C,C,17,
20170805220120,2017-08-05 22:01:20,2017-08-05 23:59:59,ev_C,C,7,
20170805220130,2017-08-05 22:01:30,2017-08-05 23:59:59,ev_N,K,2,
20170805220140,2017-08-05 22:01:40,2017-08-05 23:59:59,ev_C,C,18,
20170805220150,2017-08-05 22:01:50,2017-08-05 23:59:59,ev_K,K,5,
20170805220200,2017-08-05 22:02:00,2017-08-05 23:59:59,ev_C,C,8,
20170805220210,2017-08-05 22:02:10,2017-08-05 23:59:59,ev_C,C,13,
20170805220220,2017-08-05 22:02:20,2017-08-05 23:59:59,ev_K,K,2,
20170805220230,2017-08-05 22:02:30,2017-08-05 23:59:59,ev_C,C,15,
20170805220240,2017-08-05 22:02:40,2017-08-05 23:59:59,ev_C,C,19,
20170805220250,2017-08-05 22:02:50,2017-08-05 23:59:59,ev_N,K,5,
20170805220300,2017-08-05 22:03:00,2017-08-05 23:59:59,ev_K,K,5,
20170805220310,2017-08-05 22:03:10,2017-08-05 23:59:59,ev_C,C,12,
20170805220320,2017-08-05 22:03:20,2017-08-05 23:59:59,ev_C,C,4,
20170805220330,2017-08-05 22:03:30,2017-08-05 23:59:59,ev_C,C,14,
20170805220340,2017-08-05 22:03:40,2017-08-05 23:59:59,ev_K,K,1,
20170805220350,2017-08-05 22:03:50,2017-08-05 23:59:59,ev_C,C,2,
20170805220400,2017-08-05 22:04:00,2017-08-05 23:59:59,ev_K,K,3,
20170805220410,2017-08-05 22:04:10,2017-08-05 23:59:59,ev_C,C,4,
20170805220420,2017-08-05 22:04:20,2017-08-05 23:59:59,ev_C,C,15,
20170805220430,2017-08-05 22:04:30,2017-08-05 23:59:59,ev_C,C,15,
20170805220440,2017-08-05 22:04:40,2017-08-05 23:59:59,ev_K,K,2,
20170805220450,2017-08-05 22:04:50,2017-08-05 23:59:59,ev_K,K,2,
20170805220500,2017-08-05 22:05:00,2017-08-05 23:59:59,ev_N,K,3,
20170805220510,2017-08-05 22:05:10,2017-08-05 23:59:59,ev_C,C,16,
20170805220520,2017-08-05 22:05:20,2017-08-05 23:59:59,ev_N,K,1,
20170805220530,2017-08-05 22:05:30,2017-08-05 23:59:59,ev_C,C,18,
20170805220540,2017-08-05 22:05:40,2017-08-05 23:59:59,ev_C,C,12,
20170805220550,2017-08-05 22:05:50,2017-08-05 23:59:59,ev_C,C,6,
20170805220600,2017-08-05 22:06:00,2017-08-05 23:59:59,ev_C,C,7,
20170805220610,2017-08-05 22:06:10,2017-08-05 23:59:59,ev_C,C,8,
20170805220620,2017-08-05 22:06:20,2017-08-05 23:59:59,ev_C,C,7,
20170805220630,2017-08-05 22:06:30,2017-08-05 23:59:59,ev_C,C,4,
20170805220640,2017-08-05 22:06:40,2017-08-05 23:59:59,ev_C,C,14,
20170805220650,2017-08-05 22:06:50,2017-08-05 23:59:59,ev_C,C,16,
20170805220700,2017-08-05 22:07:00,2017-08-05 23:59:59,ev_C,C,6,
20170805220710,2017-08-05 22:07:10,2017-08-05 23:59:59,ev_K,K,3,
20170805220720,2017-08-05 22:07:20,2017-08-05 23:59:59,ev_K,K,2,
20170805220730,2017-08-05 22:07:30,2017-08-05 23:59:59,ev_C,C,18,
20170805220740,2017-08-05 22:07:40,2017-08-05 23:59:59,ev_C,C,15,
20170805220750,2017-08-05 22:07:50,2017-08-05 23:59:59,ev_C,C,17,
20170805220800,2017-08-05 22:08:00,2017-08-05 23:59:59,ev_C,C,19,
20170805220810,2017-08-05 22:08:10,2017-08-05 23:59:59,ev_C,C,17,
20170805220820,2017-08-05 22:08:20,2017-08-05 23:59:59,ev_C,C,4,
20170805220830,2017-08-05 22:08:30,2017-08-05 23:59:59,ev_C,C,10,
20170805220840,2017-08-05 22:08:40,2017-08-05 23:59:59,ev_C,C,3,
20170805220850,2017-08-05 22:08:50,2017-08-05 23:59:59,ev_C,C,8,
20170805220900,2017-08-05 22:09:00,2017-08-05 23:59:59,ev_C,C,13,
20170805220910,2017-08-05 22:09:10,2017-08-05 23:59:59,ev_C,C,10,
20170805220920,2017-08-05 22:09:20,2017-08-05 23:59:59,ev_C,C,10,
20170805220930,2017-08-05 22:09:30,2017-08-05 23:59:59,ev_C,C,12,
20170805220940,2017-08-05 22:09:40,2017-08-05 23:59:59,ev_N,K,1,
20170805220950,2017-08-05 22:09:50,2017-08-05 23:59:59,ev_C,C,11,
20170805221000,2017-08-05 22:10:00,2017-08-05 23:59:59,ev_C,C,13,
20170805221010,2017-08-05 22:10:10,2017-08-05 23:59:59,ev_K,K,3,
20170805221020,2017-08-05 22:10:20,2017-08-05 23:59:59,ev_C,C,2,
20170805221030,2017-08-05 22:10:30,2017-08-05 23:59:59,ev_C,C,13,
20170805221040,2017-08-05 22:10:40,2017-08-05 23:59:59,ev_C,C,14,
20170805221050,2017-08-05 22:10:50,2017-08-05 23:59:59,ev_C,C,16,
20170805221100,2017-08-05 22:11:00,2017-08-05 23:59:59,ev_C,C,8,
20170805221110,2017-08-05 22:11:10,2017-08-05 23:59:59,ev_C,C,17,
20170805221120,2017-08-05 22:11:20,2017-08-05 23:59:59,ev_C,C,8,
20170805221130,2017-08-05 22:11:30,2017-08-05 23:59:59,ev_C,C,8,
20170805221140,2017-08-05 22:11:40,2017-08-05 23:59:59,ev_C,C,8,
20170805221150,2017-08-05 22:11:50,2017-08-05 23:59:59,ev_C,C,6,
20170805221200,2017-08-05 22:12:00,2017-08-05 23:59:59,ev_C,C,10,
20170805221210,2017-08-05 22:12:10,2017-08-05 23:59:59,ev_N,K,1,
20170805221220,2017-08-05 22:12:20,2017-08-05 23:59:59,ev_C,C,18,
20170805221230,2017-08-05 22:12:30,2017-08-05 23:59:59,ev_K,K,1,
20170805221240,2017-08-05 22:12:40,2017-08-05 23:59:59,ev_C,C,4,
20170805221250,2017-08-05 22:12:50,2017-08-05 23:59:59,ev_C,C,12,
20170805221300,2017-08-05 22:13:00,2017-08-05 23:59:59,ev_C,C,5,
20170805221310,2017-08-05 22:13:10,2017-08-05 23:59:59,ev_C,C,9,
20170805221320,2017-08-05 22:13:20,2017-08-05 23:59:59,ev_K,K,5,
20170805221330,2017-08-05 22:13:30,2017-08-05 23:59:59,ev_C,C,18,
20170805221340,2017-08-05 22:13:40,2017-08-05 23:59:59,ev_C,C,5,
20170805221350,2017-08-05 22:13:50,2017-08-05 23:59:59,ev_C,C,19,
20170805221400,2017-08-05 22:14:00,2017-08-05 23:59:59,ev_K,K,2,
20170805221410,2017-08-05 22:14:10,2017-08-05 23:59:59,ev_C,C,12,
20170805221420,2017-08-05 22:14:20,2017-08-05 23:59:59,ev_C,C,4,
20170805221430,2017-08-05 22:14:30,2017-08-05 23:59:59,ev_C,C,9,
20170805221440,2017-08-05 22:14:40,2017-08-05 23:59:59,ev_C,C,10,
20170805221450,2017-08-05 22:14:50,2017-08-05 23:59:59,ev_C,C,16,
20170805221500,2017-08-05 22:15:00,2017-08-05 23:59:59,ev_K,K,2,
20170805221510,2017-08-05 22:15:10,2017-08-05 23:59:59,ev_C,C,4,
20170805221520,2017-08-05 22:15:20,2017-08-05 23:59:59,ev_C,C,5,
20170805221530,2017-08-05 22:15:30,2017-08-05 23:59:59,ev_C,C,5,
20170805221540,2017-08-05 22:15:40,2017-08-05 23:59:59,ev_C,C,1,
20170805221550,2017-08-05 22:15:50,2017-08-05 23:59:59,ev_C,C,10,
20170805221600,2017-08-05 22:16:00,2017-08-05 23:59:59,ev_C,C,13,
20170805221610,2017-08-05 22:16:10,2017-08-05 23:59:59,ev_C,C,6,
20170805221620,2017-08-05 22:16:20,2017-08-05 23:59:59,ev_C,C,18,
20170805221630,2017-08-05 22:16:30,2017-08-05 23:59:59,ev_C,C,17,
20170805221640,2017-08-05 22:16:40,2017-08-05 23:59:59,ev_C,C,18,
20170805221650,2017-08-05 22:16:50,2017-08-05 23:59:59,ev_C,C,20,
20170805221700,2017-08-05 22:17:00,2017-08-05 23:59:59,ev_N,K,5,
20170805221710,2017-08-05 22:17:10,2017-08-05 23:59:59,ev_K,K,1,
20170805221720,2017-08-05 22:17:20,2017-08-05 23:59:59,ev_C,C,16,
20170805221730,2017-08-05 22:17:30,2017-08-05 23:59:59,ev_N,K,1,
20170805221740,2017-08-05 22:17:40,2017-08-05 23:59:59,ev_C,C,5,
20170805221750,2017-08-05 22:17:50,2017-08-05 23:59:59,ev_N,K,5,
20170805221800,2017-08-05 22:18:00,2017-08-05 23:59:59,ev_N,K,3,
20170805221810,2017-08-05 22:18:10,2017-08-05 23:59:59,ev_C,C,16,
20170805221820,2017-08-05 22:18:20,2017-08-05 23:59:59,ev_C,C,4,
20170805221830,2017-08-05 22:18:30,2017-08-05 23:59:59,ev_C,C,2,
20170805221840,2017-08-05 22:18:40,2017-08-05 23:59:59,ev_K,K,2,
20170805221850,2017-08-05 22:18:50,2017-08-05 23:59:59,ev_K,K,4,
20170805221900,2017-08-05 22:19:00,2017-08-05 23:59:59,ev_K,K,3,
20170805221910,2017-08-05 22:19:10,2017-08-05 23:59:59,ev_C,C,7,
20170805221920,2017-08-05 22:19:20,2017-08-05 23:59:59,ev_C,C,14,
20170805221930,2017-08-05 22:19:30,2017-08-05 23:59:59,ev_K,K,2,
20170805221940,2017-08-05 22:19:40,2017-08-05 23:59:59,ev_K,K,3,
20170805221950,2017-08-05 22:19:50,2017-08-05 23:59:59,ev_C,C,15,
20170805222000,2017-08-05 22:20:00,2017-08-05 23:59:59,ev_K,K,3,
20170805222010,2017-08-05 22:20:10,2017-08-05 23:59:59,ev_C,C,11,
20170805222020,2017-08-05 22:20:20,2017-08-05 23:59:59,ev_C,C,3,
20170805222030,2017-08-05 22:20:30,2017-08-05 23:59:59,ev_C,C,8,
20170805222040,2017-08-05 22:20:40,2017-08-05 23:59:59,ev_C,C,8,
20170805222050,2017-08-05 22:20:50,2017-08-05 23:59:59,ev_K,K,4,
20170805222100,2017-08-05 22:21:00,2017-08-05 23:59:59,ev_C,C,12,
20170805222110,2017-08-05 22:21:10,2017-08-05 23:59:59,ev_C,C,12,
20170805222120,2017-08-05 22:21:20,2017-08-05 23:59:59,ev_C,C,12,
20170805222130,2017-08-05 22:21:30,2017-08-05 23:59:59,ev_C,C,15,
20170805222140,2017-08-05 22:21:40,2017-08-05 23:59:59,ev_C,C,2,
20170805222150,2017-08-05 22:21:50,2017-08-05 23:59:59,ev_C,C,2,
20170805222200,2017-08-05 22:22:00,2017-08-05 23:59:59,ev_C,C,2,
20170805222210,2017-08-05 22:22:10,2017-08-05 23:59:59,ev_N,K,1,
20170805222220,2017-08-05 22:22:20,2017-08-05 23:59:59,ev_C,C,15,
20170805222230,2017-08-05 22:22:30,2017-08-05 23:59:59,ev_N,K,2,
20170805222240,2017-08-05 22:22:40,2017-08-05 23:59:59,ev_K,K,3,
20170805222250,2017-08-05 22:22:50,2017-08-05 23:59:59,ev_C,C,17,
20170805222300,2017-08-05 22:23:00,2017-08-05 23:59:59,ev_C,C,14,
20170805222310,2017-08-05 22:23:10,2017-08-05 23:59:59,ev_C,C,5,
20170805222320,2017-08-05 22:23:20,2017-08-05 23:59:59,ev_C,C,11,
20170805222330,2017-08-05 22:23:30,2017-08-05 23:59:59,ev_C,C,5,
20170805222340,2017-08-05 22:23:40,2017-08-05 23:59:59,ev_K,K,3,
20170805222350,2017-08-05 22:23:50,2017-08-05 23:59:59,ev_C,C,20,
20170805222400,2017-08-05 22:24:00,2017-08-05 23:59:59,ev_K,K,3,
20170805222410,2017-08-05 22:24:10,2017-08-05 23:59:59,ev_C,C,19,
20170805222420,2017-08-05 22:24:20,2017-08-05 23:59:59,ev_C,C,7,
20170805222430,2017-08-05 22:24:30,2017-08-05 23:59:59,ev_K,K,3,
20170805222440,2017-08-05 22:24:40,2017-08-05 23:59:59,ev_C,C,12,
20170805222450,2017-08-05 22:24:50,2017-08-05 23:59:59,ev_C,C,15,
20170805222500,2017-08-05 22:25:00,2017-08-05 23:59:59,ev_C,C,11,
20170805222510,2017-08-05 22:25:10,2017-08-05 23:59:59,ev_C,C,12,
20170805222520,2017-08-05 22:25:20,2017-08-05 23:59:59,ev_C,C,11,
20170805222530,2017-08-05 22:25:30,2017-08-05 23:59:59,ev_N,K,5,
20170805222540,2017-08-05 22:25:40,2017-08-05 23:59:59,ev_C,C,4,
20170805222550,2017-08-05 22:25:50,2017-08-05 23:59:59,ev_C,C,19,
20170805222600,2017-08-05 22:26:00,2017-08-05 23:59:59,ev_C,C,6,
20170805222610,2017-08-05 22:26:10,2017-08-05 23:59:59,ev_K,K,2,
20170805222620,2017-08-05 22:26:20,2017-08-05 23:59:59,ev_C,C,20,
20170805222630,2017-08-05 22:26:30,2017-08-05 23:59:59,ev_C,C,12,
20170805222640,2017-08-05 22:26:40,2017-08-05 23:59:59,ev_C,C,7,
20170805222650,2017-08-05 22:26:50,2017-08-05 23:59:59,ev_C,C,7,
20170805222700,2017-08-05 22:27:00,2017-08-05 23:59:59,ev_C,C,12,
20170805222710,2017-08-05 22:27:10,2017-08-05 23:59:59,ev_C,C,5,
20170805222720,2017-08-05 22:27:20,2017-08-05 23:59:59,ev_C,C,11,
20170805222730,2017-08-05 22:27:30,2017-08-05 23:59:59,ev_C,C,11,
20170805222740,2017-08-05 22:27:40,2017-08-05 23:59:59,ev_K,K,5,
20170805222750,2017-08-05 22:27:50,2017-08-05 23:59:59,ev_C,C,6,
20170805222800,2017-08-05 22:28:00,2017-08-05 23:59:59,ev_C,C,12,
20170805222810,2017-08-05 22:28:10,2017-08-05 23:59:59,ev_C,C,19,
20170805222820,2017-08-05 22:28:20,2017-08-05 23:59:59,ev_C,C,10,
20170805222830,2017-08-05 22:28:30,2017-08-05 23:59:59,ev_C,C,15,
20170805222840,2017-08-05 22:28:40,2017-08-05 23:59:59,ev_C,C,17,
20170805222850,2017-08-05 22:28:50,2017-08-05 23:59:59,ev_C,C,19,
20170805222900,2017-08-05 22:29:00,2017-08-05 23:59:59,ev_C,C,8,
20170805222910,2017-08-05 22:29:10,2017-08-05 23:59:59,ev_C,C,6,
20170805222920,2017-08-05 22:29:20,2017-08-05 23:59:59,ev_C,C,5,
20170805222930,2017-08-05 22:29:30,2017-08-05 23:59:59,ev_N,K,5,
20170805222940,2017-08-05 22:29:40,2017-08-05 23:59:59,ev_C,C,2,
20170805222950,2017-08-05 22:29:50,2017-08-05 23:59:59,ev_K,K,5,
20170805223000,2017-08-05 22:30:00,2017-08-05 23:59:59,ev_C,C,14,
20170805223010,2017-08-05 22:30:10,2017-08-05 23:59:59,ev_C,C,10,
20170805223020,2017-08-05 22:30:20,2017-08-05 23:59:59,ev_C,C,5,
20170805223030,2017-08-05 22:30:30,2017-08-05 23:59:59,ev_C,C,8,
20170805223040,2017-08-05 22:30:40,2017-08-05 23:59:59,ev_C,C,17,
20170805223050,2017-08-05 22:30:50,2017-08-05 23:59:59,ev_C,C,9,
20170805223100,2017-08-05 22:31:00,2017-08-05 23:59:59,ev_C,C,15,
20170805223110,2017-08-05 22:31:10,2017-08-05 23:59:59,ev_K,K,4,
20170805223120,2017-08-05 22:31:20,2017-08-05 23:59:59,ev_C,C,6,
20170805223130,2017-08-05 22:31:30,2017-08-05 23:59:59,ev_C,C,7,
20170805223140,2017-08-05 22:31:40,2017-08-05 23:59:59,ev_N,K,5,
20170805223150,2017-08-05 22:31:50,2017-08-05 23:59:59,ev_C,C,20,
20170805223200,2017-08-05 22:32:00,2017-08-05 23:59:59,ev_C,C,20,
20170805223210,2017-08-05 22:32:10,2017-08-05 23:59:59,ev_C,C,13,
20170805223220,2017-08-05 22:32:20,2017-08-05 23:59:59,ev_C,C,20,
20170805223230,2017-08-05 22:32:30,2017-08-05 23:59:59,ev_C,C,4,
20170805223240,2017-08-05 22:32:40,2017-08-05 23:59:59,ev_C,C,19,
20170805223250,2017-08-05 22:32:50,2017-08-05 23:59:59,ev_C,C,14,
20170805223300,2017-08-05 22:33:00,2017-08-05 23:59:59,ev_C,C,16,
20170805223310,2017-08-05 22:33:10,2017-08-05 23:59:59,ev_N,K,2,
20170805223320,2017-08-05 22:33:20,2017-08-05 23:59:59,ev_C,C,4,
20170805223330,2017-08-05 22:33:30,2017-08-05 23:59:59,ev_N,K,1,
20170805223340,2017-08-05 22:33:40,2017-08-05 23:59:59,ev_C,C,20,
20170805223350,2017-08-05 22:33:50,2017-08-05 23:59:59,ev_K,K,1,
20170805223400,2017-08-05 22:34:00,2017-08-05 23:59:59,ev_N,K,2,
20170805223410,2017-08-05 22:34:10,2017-08-05 23:59:59,ev_C,C,19,
20170805223420,2017-08-05 22:34:20,2017-08-05 23:59:59,ev_C,C,18,
20170805223430,2017-08-05 22:34:30,2017-08-05 23:59:59,ev_C,C,4,
20170805223440,2017-08-05 22:34:40,2017-08-05 23:59:59,ev_K,K,3,
20170805223450,2017-08-05 22:34:50,2017-08-05 23:59:59,ev_C,C,4,
20170805223500,2017-08-05 22:35:00,2017-08-05 23:59:59,ev_C,C,9,
20170805223510,2017-08-05 22:35:10,2017-08-05 23:59:59,ev_C,C,6,
20170805223520,2017-08-05 22:35:20,2017-08-05 23:59:59,ev_C,C,18,
20170805223530,2017-08-05 22:35:30,2017-08-05 23:59:59,ev_C,C,2,
20170805223540,2017-08-05 22:35:40,2017-08-05 23:59:59,ev_C,C,5,
20170805223550,2017-08-05 22:35:50,2017-08-05 23:59:59,ev_N,K,5,
20170805223600,2017-08-05 22:36:00,2017-08-05 23:59:59,ev_C,C,14,
20170805223610,2017-08-05 22:36:10,2017-08-05 23:59:59,ev_C,C,12,
20170805223620,2017-08-05 22:36:20,2017-08-05 23:59:59,ev_K,K,2,
20170805223630,2017-08-05 22:36:30,2017-08-05 23:59:59,ev_K,K,5,
20170805223640,2017-08-05 22:36:40,2017-08-05 23:59:59,ev_C,C,20,
20170805223650,2017-08-05 22:36:50,2017-08-05 23:59:59,ev_K,K,1,
20170805223700,2017-08-05 22:37:00,2017-08-05 23:59:59,ev_C,C,4,
20170805223710,2017-08-05 22:37:10,2017-08-05 23:59:59,ev_C,C,14,
20170805223720,2017-08-05 22:37:20,2017-08-05 23:59:59,ev_C,C,20,
20170805223730,2017-08-05 22:37:30,2017-08-05 23:59:59,ev_C,C,7,
20170805223740,2017-08-05 22:37:40,2017-08-05 23:59:59,ev_N,K,5,
20170805223750,2017-08-05 22:37:50,2017-08-05 23:59:59,ev_C,C,9,
20170805223800,2017-08-05 22:38:00,2017-08-05 23:59:59,ev_C,C,20,
20170805223810,2017-08-05 22:38:10,2017-08-05 23:59:59,ev_C,C,16,
20170805223820,2017-08-05 22:38:20,2017-08-05 23:59:59,ev_C,C,3,
20170805223830,2017-08-05 22:38:30,2017-08-05 23:59:59,ev_C,C,11,
20170805223840,2017-08-05 22:38:40,2017-08-05 23:59:59,ev_K,K,5,
20170805223850,2017-08-05 22:38:50,2017-08-05 23:59:59,ev_C,C,1,
20170805223900,2017-08-05 22:39:00,2017-08-05 23:59:59,ev_K,K,2,
20170805223910,2017-08-05 22:39:10,2017-08-05 23:59:59,ev_C,C,7,
20170805223920,2017-08-05 22:39:20,2017-08-05 23:59:59,ev_C,C,5,
20170805223930,2017-08-05 22:39:30,2017-08-05 23:59:59,ev_K,K,1,
20170805223940,2017-08-05 22:39:40,2017-08-05 23:59:59,ev_C,C,7,
20170805223950,2017-08-05 22:39:50,2017-08-05 23:59:59,ev_C,C,5,
20170805224000,2017-08-05 22:40:00,2017-08-05 23:59:59,ev_C,C,16,
20170805224010,2017-08-05 22:40:10,2017-08-05 23:59:59,ev_K,K,1,
20170805224020,2017-08-05 22:40:20,2017-08-05 23:59:59,ev_C,C,10,
20170805224030,2017-08-05 22:40:30,2017-08-05 23:59:59,ev_C,C,11,
20170805224040,2017-08-05 22:40:40,2017-08-05 23:59:59,ev_K,K,1,
20170805224050,2017-08-05 22:40:50,2017-08-05 23:59:59,ev_K,K,3,
20170805224100,2017-08-05 22:41:00,2017-08-05 23:59:59,ev_K,K,5,
20170805224110,2017-08-05 22:41:10,2017-08-05 23:59:59,ev_C,C,13,
20170805224120,2017-08-05 22:41:20,2017-08-05 23:59:59,ev_C,C,16,
20170805224130,2017-08-05 22:41:30,2017-08-05 23:59:59,ev_K,K,3,
20170805224140,2017-08-05 22:41:40,2017-08-05 23:59:59,ev_C,C,6,
20170805224150,2017-08-05 22:41:50,2017-08-05 23:59:59,ev_C,C,12,
20170805224200,2017-08-05 22:42:00,2017-08-05 23:59:59,ev_K,K,4,
20170805224210,2017-08-05 22:42:10,2017-08-05 23:59:59,ev_C,C,8,
20170805224220,2017-08-05 22:42:20,2017-08-05 23:59:59,ev_C,C,10,
20170805224230,2017-08-05 22:42:30,2017-08-05 23:59:59,ev_C,C,12,
20170805224240,2017-08-05 22:42:40,2017-08-05 23:59:59,ev_C,C,10,
20170805224250,2017-08-05 22:42:50,2017-08-05 23:59:59,ev_C,C,18,
20170805224300,2017-08-05 22:43:00,2017-08-05 23:59:59,ev_K,K,5,
20170805224310,2017-08-05 22:43:10,2017-08-05 23:59:59,ev_C,C,6,
20170805224320,2017-08-05 22:43:20,2017-08-05 23:59:59,ev_C,C,1,
20170805224330,2017-08-05 22:43:30,2017-08-05 23:59:59,ev_C,C,16,
20170805224340,2017-08-05 22:43:40,2017-08-05 23:59:59,ev_C,C,8,
20170805224350,2017-08-05 22:43:50,2017-08-05 23:59:59,ev_C,C,15,
20170805224400,2017-08-05 22:44:00,2017-08-05 23:59:59,ev_C,C,6,
20170805224410,2017-08-05 22:44:10,2017-08-05 23:59:59,ev_N,K,1,
20170805224420,2017-08-05 22:44:20,2017-08-05 23:59:59,ev_C,C,4,
20170805224430,2017-08-05 22:44:30,2017-08-05 23:59:59,ev_C,C,12,
20170805224440,2017-08-05 22:44:40,2017-08-05 23:59:59,ev_C,C,1,
20170805224450,2017-08-05 22:44:50,2017-08-05 23:59:59,ev_K,K,2,
20170805224500,2017-08-05 22:45:00,2017-08-05 23:59:59,ev_C,C,14,
20170805224510,2017-08-05 22:45:10,2017-08-05 23:59:59,ev_C,C,2,
20170805224520,2017-08-05 22:45:20,2017-08-05 23:59:59,ev_C,C,7,
20170805224530,2017-08-05 22:45:30,2017-08-05 23:59:59,ev_C,C,4,
20170805224540,2017-08-05 22:45:40,2017-08-05 23:59:59,ev_C,C,4,
20170805224550,2017-08-05 22:45:50,2017-08-05 23:59:59,ev_K,K,5,
20170805224600,2017-08-05 22:46:00,2017-08-05 23:59:59,ev_C,C,5,
20170805224610,2017-08-05 22:46:10,2017-08-05 23:59:59,ev_K,K,2,
20170805224620,2017-08-05 22:46:20,2017-08-05 23:59:59,ev_K,K,4,
20170805224630,2017-08-05 22:46:30,2017-08-05 23:59:59,ev_C,C,12,
20170805224640,2017-08-05 22:46:40,2017-08-05 23:59:59,ev_C,C,13,
20170805224650,2017-08-05 22:46:50,2017-08-05 23:59:59,ev_C,C,15,
20170805224700,2017-08-05 22:47:00,2017-08-05 23:59:59,ev_C,C,12,
20170805224710,2017-08-05 22:47:10,2017-08-05 23:59:59,ev_K,K,5,
20170805224720,2017-08-05 22:47:20,2017-08-05 23:59:59,ev_C,C,1,
20170805224730,2017-08-05 22:47:30,2017-08-05 23:59:59,ev_C,C,3,
20170805224740,2017-08-05 22:47:40,2017-08-05 23:59:59,ev_K,K,4,
20170805224750,2017-08-05 22:47:50,2017-08-05 23:59:59,ev_C,C,13,
20170805224800,2017-08-05 22:48:00,2017-08-05 23:59:59,ev_K,K,3,
20170805224810,2017-08-05 22:48:10,2017-08-05 23:59:59,ev_C,C,3,
20170805224820,2017-08-05 22:48:20,2017-08-05 23:59:59,ev_C,C,9,
20170805224830,2017-08-05 22:48:30,2017-08-05 23:59:59,ev_C,C,19,
20170805224840,2017-08-05 22:48:40,2017-08-05 23:59:59,ev_C,C,4,
20170805224850,2017-08-05 22:48:50,2017-08-05 23:59:59,ev_C,C,3,
20170805224900,2017-08-05 22:49:00,2017-08-05 23:59:59,ev_K,K,3,
20170805224910,2017-08-05 22:49:10,2017-08-05 23:59:59,ev_C,C,13,
20170805224920,2017-08-05 22:49:20,2017-08-05 23:59:59,ev_C,C,18,
20170805224930,2017-08-05 22:49:30,2017-08-05 23:59:59,ev_N,K,4,
20170805224940,2017-08-05 22:49:40,2017-08-05 23:59:59,ev_K,K,2,
20170805224950,2017-08-05 22:49:50,2017-08-05 23:59:59,ev_C,C,20,
20170805225000,2017-08-05 22:50:00,2017-08-05 23:59:59,ev_C,C,11,
20170805225010,2017-08-05 22:50:10,2017-08-05 23:59:59,ev_C,C,14,
20170805225020,2017-08-05 22:50:20,2017-08-05 23:59:59,ev_C,C,9,
20170805225030,2017-08-05 22:50:30,2017-08-05 23:59:59,ev_C,C,16,
20170805225040,2017-08-05 22:50:40,2017-08-05 23:59:59,ev_C,C,19,
20170805225050,2017-08-05 22:50:50,2017-08-05 23:59:59,ev_C,C,19,
20170805225100,2017-08-05 22:51:00,2017-08-05 23:59:59,ev_C,C,11,
20170805225110,2017-08-05 22:51:10,2017-08-05 23:59:59,ev_C,C,4,
20170805225120,2017-08-05 22:51:20,2017-08-05 23:59:59,ev_C,C,18,
20170805225130,2017-08-05 22:51:30,2017-08-05 23:59:59,ev_C,C,18,
20170805225140,2017-08-05 22:51:40,2017-08-05 23:59:59,ev_C,C,1,
20170805225150,2017-08-05 22:51:50,2017-08-05 23:59:59,ev_C,C,13,
20170805225200,2017-08-05 22:52:00,2017-08-05 23:59:59,ev_C,C,19,
20170805225210,2017-08-05 22:52:10,2017-08-05 23:59:59,ev_C,C,12,
20170805225220,2017-08-05 22:52:20,2017-08-05 23:59:59,ev_C,C,4,
20170805225230,2017-08-05 22:52:30,2017-08-05 23:59:59,ev_C,C,16,
20170805225240,2017-08-05 22:52:40,2017-08-05 23:59:59,ev_K,K,3,
20170805225250,2017-08-05 22:52:50,2017-08-05 23:59:59,ev_C,C,10,
20170805225300,2017-08-05 22:53:00,2017-08-05 23:59:59,ev_C,C,12,
20170805225310,2017-08-05 22:53:10,2017-08-05 23:59:59,ev_K,K,4,
20170805225320,2017-08-05 22:53:20,2017-08-05 23:59:59,ev_K,K,1,
20170805225330,2017-08-05 22:53:30,2017-08-05 23:59:59,ev_C,C,14,
20170805225340,2017-08-05 22:53:40,2017-08-05 23:59:59,ev_C,C,1,
20170805225350,2017-08-05 22:53:50,2017-08-05 23:59:59,ev_K,K,5,
20170805225400,2017-08-05 22:54:00,2017-08-05 23:59:59,ev_C,C,5,
20170805225410,2017-08-05 22:54:10,2017-08-05 23:59:59,ev_K,K,1,
20170805225420,2017-08-05 22:54:20,2017-08-05 23:59:59,ev_C,C,13,
20170805225430,2017-08-05 22:54:30,2017-08-05 23:59:59,ev_K,K,3,
20170805225440,2017-08-05 22:54:40,2017-08-05 23:59:59,ev_C,C,5,
20170805225450,2017-08-05 22:54:50,2017-08-05 23:59:59,ev_K,K,3,
20170805225500,2017-08-05 22:55:00,2017-08-05 23:59:59,ev_C,C,16,
20170805225510,2017-08-05 22:55:10,2017-08-05 23:59:59,ev_C,C,12,
20170805225520,2017-08-05 22:55:20,2017-08-05 23:59:59,ev_C,C,20,
20170805225530,2017-08-05 22:55:30,2017-08-05 23:59:59,ev_C,C,18,
20170805225540,2017-08-05 22:55:40,2017-08-05 23:59:59,ev_K,K,2,
20170805225550,2017-08-05 22:55:50,2017-08-05 23:59:59,ev_K,K,5,
20170805225600,2017-08-05 22:56:00,2017-08-05 23:59:59,ev_C,C,20,
20170805225610,2017-08-05 22:56:10,2017-08-05 23:59:59,ev_C,C,6,
20170805225620,2017-08-05 22:56:20,2017-08-05 23:59:59,ev_C,C,10,
20170805225630,2017-08-05 22:56:30,2017-08-05 23:59:59,ev_C,C,4,
20170805225640,2017-08-05 22:56:40,2017-08-05 23:59:59,ev_K,K,2,
20170805225650,2017-08-05 22:56:50,2017-08-05 23:59:59,ev_N,K,2,
20170805225700,2017-08-05 22:57:00,2017-08-05 23:59:59,ev_C,C,12,
20170805225710,2017-08-05 22:57:10,2017-08-05 23:59:59,ev_K,K,3,
20170805225720,2017-08-05 22:57:20,2017-08-05 23:59:59,ev_C,C,7,
20170805225730,2017-08-05 22:57:30,2017-08-05 23:59:59,ev_K,K,3,
20170805225740,2017-08-05 22:57:40,2017-08-05 23:59:59,ev_C,C,16,
20170805225750,2017-08-05 22:57:50,2017-08-05 23:59:59,ev_C,C,3,
20170805225800,2017-08-05 22:58:00,2017-08-05 23:59:59,ev_K,K,2,
20170805225810,2017-08-05 22:58:10,2017-08-05 23:59:59,ev_C,C,2,
20170805225820,2017-08-05 22:58:20,2017-08-05 23:59:59,ev_C,C,14,
20170805225830,2017-08-05 22:58:30,2017-08-05 23:59:59,ev_C,C,16,
20170805225840,2017-08-05 22:58:40,2017-08-05 23:59:59,ev_C,C,10,
20170805225850,2017-08-05 22:58:50,2017-08-05 23:59:59,ev_C,C,6,
20170805225900,2017-08-05 22:59:00,2017-08-05 23:59:59,ev_K,K,3,
20170805225910,2017-08-05 22:59:10,2017-08-05 23:59:59,ev_C,C,19,
20170805225920,2017-08-05 22:59:20,2017-08-05 23:59:59,ev_C,C,20,
20170805225930,2017-08-05 22:59:30,2017-08-05 23:59:59,ev_K,K,5,
20170805225940,2017-08-05 22:59:40,2017-08-05 23:59:59,ev_C,C,3,
20170805225950,2017-08-05 22:59:50,2017-08-05 23:59:59,ev_C,C,10,
20170805230000,2017-08-05 23:00:00,2017-08-05 23:59:59,ev_N,K,1,
20170805230010,2017-08-05 23:00:10,2017-08-05 23:59:59,ev_C,C,6,
20170805230020,2017-08-05 23:00:20,2017-08-05 23:59:59,ev_C,C,11,
20170805230030,2017-08-05 23:00:30,2017-08-05 23:59:59,ev_K,K,1,
20170805230040,2017-08-05 23:00:40,2017-08-05 23:59:59,ev_C,C,1,
20170805230050,2017-08-05 23:00:50,2017-08-05 23:59:59,ev_C,C,5,
20170805230100,2017-08-05 23:01:00,2017-08-05 23:59:59,ev_C,C,3,
20170805230110,2017-08-05 23:01:10,2017-08-05 23:59:59,ev_C,C,19,
20170805230120,2017-08-05 23:01:20,2017-08-05 23:59:59,ev_K,K,4,
20170805230130,2017-08-05 23:01:30,2017-08-05 23:59:59,ev_C,C,5,
20170805230140,2017-08-05 23:01:40,2017-08-05 23:59:59,ev_C,C,13,
20170805230150,2017-08-05 23:01:50,2017-08-05 23:59:59,ev_N,K,3,
20170805230200,2017-08-05 23:02:00,2017-08-05 23:59:59,ev_K,K,3,
20170805230210,2017-08-05 23:02:10,2017-08-05 23:59:59,ev_C,C,3,
20170805230220,2017-08-05 23:02:20,2017-08-05 23:59:59,ev_N,K,4,
20170805230230,2017-08-05 23:02:30,2017-08-05 23:59:59,ev_C,C,1,
20170805230240,2017-08-05 23:02:40,2017-08-05 23:59:59,ev_C,C,19,
20170805230250,2017-08-05 23:02:50,2017-08-05 23:59:59,ev_C,C,19,
20170805230300,2017-08-05 23:03:00,2017-08-05 23:59:59,ev_K,K,4,
20170805230310,2017-08-05 23:03:10,2017-08-05 23:59:59,ev_C,C,6,
20170805230320,2017-08-05 23:03:20,2017-08-05 23:59:59,ev_C,C,5,
20170805230330,2017-08-05 23:03:30,2017-08-05 23:59:59,ev_C,C,6,
20170805230340,2017-08-05 23:03:40,2017-08-05 23:59:59,ev_N,K,5,
20170805230350,2017-08-05 23:03:50,2017-08-05 23:59:59,ev_C,C,18,
20170805230400,2017-08-05 23:04:00,2017-08-05 23:59:59,ev_C,C,12,
20170805230410,2017-08-05 23:04:10,2017-08-05 23:59:59,ev_C,C,3,
20170805230420,2017-08-05 23:04:20,2017-08-05 23:59:59,ev_C,C,2,
20170805230430,2017-08-05 23:04:30,2017-08-05 23:59:59,ev_C,C,15,
20170805230440,2017-08-05 23:04:40,2017-08-05 23:59:59,ev_C,C,9,
20170805230450,2017-08-05 23:04:50,2017-08-05 23:59:59,ev_C,C,14,
20170805230500,2017-08-05 23:05:00,2017-08-05 23:59:59,ev_C,C,15,
20170805230510,2017-08-05 23:05:10,2017-08-05 23:59:59,ev_C,C,11,
20170805230520,2017-08-05 23:05:20,2017-08-05 23:59:59,ev_C,C,1,
20170805230530,2017-08-05 23:05:30,2017-08-05 23:59:59,ev_C,C,11,
20170805230540,2017-08-05 23:05:40,2017-08-05 23:59:59,ev_C,C,16,
20170805230550,2017-08-05 23:05:50,2017-08-05 23:59:59,ev_C,C,12,
20170805230600,2017-08-05 23:06:00,2017-08-05 23:59:59,ev_C,C,12,
20170805230610,2017-08-05 23:06:10,2017-08-05 23:59:59,ev_C,C,5,
20170805230620,2017-08-05 23:06:20,2017-08-05 23:59:59,ev_K,K,2,
20170805230630,2017-08-05 23:06:30,2017-08-05 23:59:59,ev_C,C,8,
20170805230640,2017-08-05 23:06:40,2017-08-05 23:59:59,ev_C,C,2,
20170805230650,2017-08-05 23:06:50,2017-08-05 23:59:59,ev_C,C,9,
20170805230700,2017-08-05 23:07:00,2017-08-05 23:59:59,ev_C,C,7,
20170805230710,2017-08-05 23:07:10,2017-08-05 23:59:59,ev_C,C,5,
20170805230720,2017-08-05 23:07:20,2017-08-05 23:59:59,ev_N,K,1,
20170805230730,2017-08-05 23:07:30,2017-08-05 23:59:59,ev_C,C,12,
20170805230740,2017-08-05 23:07:40,2017-08-05 23:59:59,ev_C,C,18,
20170805230750,2017-08-05 23:07:50,2017-08-05 23:59:59,ev_K,K,5,
20170805230800,2017-08-05 23:08:00,2017-08-05 23:59:59,ev_K,K,5,
20170805230810,2017-08-05 23:08:10,2017-08-05 23:59:59,ev_N,K,1,
20170805230820,2017-08-05 23:08:20,2017-08-05 23:59:59,ev_C,C,7,
20170805230830,2017-08-05 23:08:30,2017-08-05 23:59:59,ev_N,K,4,
20170805230840,2017-08-05 23:08:40,2017-08-05 23:59:59,ev_C,C,18,
20170805230850,2017-08-05 23:08:50,2017-08-05 23:59:59,ev_C,C,2,
20170805230900,2017-08-05 23:09:00,2017-08-05 23:59:59,ev_C,C,15,
20170805230910,2017-08-05 23:09:10,2017-08-05 23:59:59,ev_C,C,8,
20170805230920,2017-08-05 23:09:20,2017-08-05 23:59:59,ev_C,C,6,
20170805230930,2017-08-05 23:09:30,2017-08-05 23:59:59,ev_C,C,12,
20170805230940,2017-08-05 23:09:40,2017-08-05 23:59:59,ev_K,K,5,
20170805230950,2017-08-05 23:09:50,2017-08-05 23:59:59,ev_C,C,3,
20170805231000,2017-08-05 23:10:00,2017-08-05 23:59:59,ev_C,C,4,
20170805231010,2017-08-05 23:10:10,2017-08-05 23:59:59,ev_C,C,18,
20170805231020,2017-08-05 23:10:20,2017-08-05 23:59:59,ev_C,C,17,
20170805231030,2017-08-05 23:10:30,2017-08-05 23:59:59,ev_K,K,1,
20170805231040,2017-08-05 23:10:40,2017-08-05 23:59:59,ev_C,C,19,
20170805231050,2017-08-05 23:10:50,2017-08-05 23:59:59,ev_N,K,3,
20170805231100,2017-08-05 23:11:00,2017-08-05 23:59:59,ev_C,C,7,
20170805231110,2017-08-05 23:11:10,2017-08-05 23:59:59,ev_C,C,14,
20170805231120,2017-08-05 23:11:20,2017-08-05 23:59:59,ev_C,C,14,
20170805231130,2017-08-05 23:11:30,2017-08-05 23:59:59,ev_K,K,4,
20170805231140,2017-08-05 23:11:40,2017-08-05 23:59:59,ev_K,K,3,
20170805231150,2017-08-05 23:11:50,2017-08-05 23:59:59,ev_C,C,8,
20170805231200,2017-08-05 23:12:00,2017-08-05 23:59:59,ev_C,C,8,
20170805231210,2017-08-05 23:12:10,2017-08-05 23:59:59,ev_N,K,2,
20170805231220,2017-08-05 23:12:20,2017-08-05 23:59:59,ev_K,K,4,
20170805231230,2017-08-05 23:12:30,2017-08-05 23:59:59,ev_C,C,10,
20170805231240,2017-08-05 23:12:40,2017-08-05 23:59:59,ev_C,C,17,
20170805231250,2017-08-05 23:12:50,2017-08-05 23:59:59,ev_C,C,5,
20170805231300,2017-08-05 23:13:00,2017-08-05 23:59:59,ev_N,K,2,
20170805231310,2017-08-05 23:13:10,2017-08-05 23:59:59,ev_C,C,17,
20170805231320,2017-08-05 23:13:20,2017-08-05 23:59:59,ev_C,C,20,
20170805231330,2017-08-05 23:13:30,2017-08-05 23:59:59,ev_C,C,13,
20170805231340,2017-08-05 23:13:40,2017-08-05 23:59:59,ev_C,C,20,
20170805231350,2017-08-05 23:13:50,2017-08-05 23:59:59,ev_C,C,4,
20170805231400,2017-08-05 23:14:00,2017-08-05 23:59:59,ev_K,K,1,
20170805231410,2017-08-05 23:14:10,2017-08-05 23:59:59,ev_C,C,18,
20170805231420,2017-08-05 23:14:20,2017-08-05 23:59:59,ev_K,K,1,
20170805231430,2017-08-05 23:14:30,2017-08-05 23:59:59,ev_C,C,18,
20170805231440,2017-08-05 23:14:40,2017-08-05 23:59:59,ev_C,C,3,
20170805231450,2017-08-05 23:14:50,2017-08-05 23:59:59,ev_C,C,7,
20170805231500,2017-08-05 23:15:00,2017-08-05 23:59:59,ev_C,C,5,
20170805231510,2017-08-05 23:15:10,2017-08-05 23:59:59,ev_N,K,4,
20170805231520,2017-08-05 23:15:20,2017-08-05 23:59:59,ev_K,K,1,
20170805231530,2017-08-05 23:15:30,2017-08-05 23:59:59,ev_K,K,4,
20170805231540,2017-08-05 23:15:40,2017-08-05 23:59:59,ev_C,C,6,
20170805231550,2017-08-05 23:15:50,2017-08-05 23:59:59,ev_C,C,3,
20170805231600,2017-08-05 23:16:00,2017-08-05 23:59:59,ev_N,K,1,
20170805231610,2017-08-05 23:16:10,2017-08-05 23:59:59,ev_C,C,9,
20170805231620,2017-08-05 23:16:20,2017-08-05 23:59:59,ev_K,K,2,
20170805231630,2017-08-05 23:16:30,2017-08-05 23:59:59,ev_C,C,12,
20170805231640,2017-08-05 23:16:40,2017-08-05 23:59:59,ev_C,C,2,
20170805231650,2017-08-05 23:16:50,2017-08-05 23:59:59,ev_C,C,2,
20170805231700,2017-08-05 23:17:00,2017-08-05 23:59:59,ev_C,C,10,
20170805231710,2017-08-05 23:17:10,2017-08-05 23:59:59,ev_C,C,1,
20170805231720,2017-08-05 23:17:20,2017-08-05 23:59:59,ev_C,C,4,
20170805231730,2017-08-05 23:17:30,2017-08-05 23:59:59,ev_K,K,4,
20170805231740,2017-08-05 23:17:40,2017-08-05 23:59:59,ev_C,C,9,
20170805231750,2017-08-05 23:17:50,2017-08-05 23:59:59,ev_N,K,1,
20170805231800,2017-08-05 23:18:00,2017-08-05 23:59:59,ev_K,K,1,
20170805231810,2017-08-05 23:18:10,2017-08-05 23:59:59,ev_C,C,8,
20170805231820,2017-08-05 23:18:20,2017-08-05 23:59:59,ev_C,C,14,
20170805231830,2017-08-05 23:18:30,2017-08-05 23:59:59,ev_C,C,18,
20170805231840,2017-08-05 23:18:40,2017-08-05 23:59:59,ev_C,C,11,
20170805231850,2017-08-05 23:18:50,2017-08-05 23:59:59,ev_C,C,18,
20170805231900,2017-08-05 23:19:00,2017-08-05 23:59:59,ev_C,C,9,
20170805231910,2017-08-05 23:19:10,2017-08-05 23:59:59,ev_C,C,5,
20170805231920,2017-08-05 23:19:20,2017-08-05 23:59:59,ev_C,C,17,
20170805231930,2017-08-05 23:19:30,2017-08-05 23:59:59,ev_C,C,2,
20170805231940,2017-08-05 23:19:40,2017-08-05 23:59:59,ev_C,C,11,
20170805231950,2017-08-05 23:19:50,2017-08-05 23:59:59,ev_N,K,2,
20170805232000,2017-08-05 23:20:00,2017-08-05 23:59:59,ev_C,C,9,
20170805232010,2017-08-05 23:20:10,2017-08-05 23:59:59,ev_C,C,3,
20170805232020,2017-08-05 23:20:20,2017-08-05 23:59:59,ev_K,K,5,
20170805232030,2017-08-05 23:20:30,2017-08-05 23:59:59,ev_C,C,9,
20170805232040,2017-08-05 23:20:40,2017-08-05 23:59:59,ev_C,C,2,
20170805232050,2017-08-05 23:20:50,2017-08-05 23:59:59,ev_C,C,16,
20170805232100,2017-08-05 23:21:00,2017-08-05 23:59:59,ev_C,C,1,
20170805232110,2017-08-05 23:21:10,2017-08-05 23:59:59,ev_C,C,8,
20170805232120,2017-08-05 23:21:20,2017-08-05 23:59:59,ev_K,K,3,
20170805232130,2017-08-05 23:21:30,2017-08-05 23:59:59,ev_C,C,19,
20170805232140,2017-08-05 23:21:40,2017-08-05 23:59:59,ev_N,K,5,
20170805232150,2017-08-05 23:21:50,2017-08-05 23:59:59,ev_C,C,7,
20170805232200,2017-08-05 23:22:00,2017-08-05 23:59:59,ev_C,C,2,
20170805232210,2017-08-05 23:22:10,2017-08-05 23:59:59,ev_C,C,7,
20170805232220,2017-08-05 23:22:20,2017-08-05 23:59:59,ev_C,C,2,
20170805232230,2017-08-05 23:22:30,2017-08-05 23:59:59,ev_C,C,13,
20170805232240,2017-08-05 23:22:40,2017-08-05 23:59:59,ev_C,C,5,
20170805232250,2017-08-05 23:22:50,2017-08-05 23:59:59,ev_C,C,1,
20170805232300,2017-08-05 23:23:00,2017-08-05 23:59:59,ev_C,C,6,
20170805232310,2017-08-05 23:23:10,2017-08-05 23:59:59,ev_C,C,11,
20170805232320,2017-08-05 23:23:20,2017-08-05 23:59:59,ev_C,C,3,
20170805232330,2017-08-05 23:23:30,2017-08-05 23:59:59,ev_C,C,4,
20170805232340,2017-08-05 23:23:40,2017-08-05 23:59:59,ev_N,K,5,
20170805232350,2017-08-05 23:23:50,2017-08-05 23:59:59,ev_C,C,4,
20170805232400,2017-08-05 23:24:00,2017-08-05 23:59:59,ev_C,C,7,
20170805232410,2017-08-05 23:24:10,2017-08-05 23:59:59,ev_K,K,3,
20170805232420,2017-08-05 23:24:20,2017-08-05 23:59:59,ev_C,C,8,
20170805232430,2017-08-05 23:24:30,2017-08-05 23:59:59,ev_K,K,4,
20170805232440,2017-08-05 23:24:40,2017-08-05 23:59:59,ev_C,C,20,
20170805232450,2017-08-05 23:24:50,2017-08-05 23:59:59,ev_C,C,4,
20170805232500,2017-08-05 23:25:00,2017-08-05 23:59:59,ev_C,C,9,
20170805232510,2017-08-05 23:25:10,2017-08-05 23:59:59,ev_C,C,12,
20170805232520,2017-08-05 23:25:20,2017-08-05 23:59:59,ev_N,K,3,
20170805232530,2017-08-05 23:25:30,2017-08-05 23:59:59,ev_K,K,1,
20170805232540,2017-08-05 23:25:40,2017-08-05 23:59:59,ev_C,C,6,
20170805232550,2017-08-05 23:25:50,2017-08-05 23:59:59,ev_C,C,1,
20170805232600,2017-08-05 23:26:00,2017-08-05 23:59:59,ev_K,K,2,
20170805232610,2017-08-05 23:26:10,2017-08-05 23:59:59,ev_C,C,2,
20170805232620,2017-08-05 23:26:20,2017-08-05 23:59:59,ev_K,K,2,
20170805232630,2017-08-05 23:26:30,2017-08-05 23:59:59,ev_C,C,6,
20170805232640,2017-08-05 23:26:40,2017-08-05 23:59:59,ev_C,C,2,
20170805232650,2017-08-05 23:26:50,2017-08-05 23:59:59,ev_C,C,14,
20170805232700,2017-08-05 23:27:00,2017-08-05 23:59:59,ev_C,C,18,
20170805232710,2017-08-05 23:27:10,2017-08-05 23:59:59,ev_C,C,20,
20170805232720,2017-08-05 23:27:20,2017-08-05 23:59:59,ev_C,C,6,
20170805232730,2017-08-05 23:27:30,2017-08-05 23:59:59,ev_N,K,2,
20170805232740,2017-08-05 23:27:40,2017-08-05 23:59:59,ev_C,C,9,
20170805232750,2017-08-05 23:27:50,2017-08-05 23:59:59,ev_C,C,3,
20170805232800,2017-08-05 23:28:00,2017-08-05 23:59:59,ev_C,C,19,
20170805232810,2017-08-05 23:28:10,2017-08-05 23:59:59,ev_C,C,8,
20170805232820,2017-08-05 23:28:20,2017-08-05 23:59:59,ev_C,C,16,
20170805232830,2017-08-05 23:28:30,2017-08-05 23:59:59,ev_C,C,20,
20170805232840,2017-08-05 23:28:40,2017-08-05 23:59:59,ev_C,C,8,
20170805232850,2017-08-05 23:28:50,2017-08-05 23:59:59,ev_C,C,19,
20170805232900,2017-08-05 23:29:00,2017-08-05 23:59:59,ev_N,K,5,
20170805232910,2017-08-05 23:29:10,2017-08-05 23:59:59,ev_K,K,3,
20170805232920,2017-08-05 23:29:20,2017-08-05 23:59:59,ev_C,C,3,
20170805232930,2017-08-05 23:29:30,2017-08-05 23:59:59,ev_C,C,16,
20170805232940,2017-08-05 23:29:40,2017-08-05 23:59:59,ev_C,C,8,
20170805232950,2017-08-05 23:29:50,2017-08-05 23:59:59,ev_K,K,3,
20170805233000,2017-08-05 23:30:00,2017-08-05 23:59:59,ev_C,C,6,
20170805233010,2017-08-05 23:30:10,2017-08-05 23:59:59,ev_K,K,1,
20170805233020,2017-08-05 23:30:20,2017-08-05 23:59:59,ev_N,K,4,
20170805233030,2017-08-05 23:30:30,2017-08-05 23:59:59,ev_C,C,17,
20170805233040,2017-08-05 23:30:40,2017-08-05 23:59:59,ev_K,K,1,
20170805233050,2017-08-05 23:30:50,2017-08-05 23:59:59,ev_C,C,13,
20170805233100,2017-08-05 23:31:00,2017-08-05 23:59:59,ev_C,C,7,
20170805233110,2017-08-05 23:31:10,2017-08-05 23:59:59,ev_C,C,10,
20170805233120,2017-08-05 23:31:20,2017-08-05 23:59:59,ev_K,K,4,
20170805233130,2017-08-05 23:31:30,2017-08-05 23:59:59,ev_C,C,8,
20170805233140,2017-08-05 23:31:40,2017-08-05 23:59:59,ev_C,C,12,
20170805233150,2017-08-05 23:31:50,2017-08-05 23:59:59,ev_C,C,7,
20170805233200,2017-08-05 23:32:00,2017-08-05 23:59:59,ev_C,C,12,
20170805233210,2017-08-05 23:32:10,2017-08-05 23:59:59,ev_K,K,2,
20170805233220,2017-08-05 23:32:20,2017-08-05 23:59:59,ev_C,C,16,
20170805233230,2017-08-05 23:32:30,2017-08-05 23:59:59,ev_C,C,1,
20170805233240,2017-08-05 23:32:40,2017-08-05 23:59:59,ev_N,K,3,
20170805233250,2017-08-05 23:32:50,2017-08-05 23:59:59,ev_C,C,5,
20170805233300,2017-08-05 23:33:00,2017-08-05 23:59:59,ev_K,K,5,
20170805233310,2017-08-05 23:33:10,2017-08-05 23:59:59,ev_C,C,20,
20170805233320,2017-08-05 23:33:20,2017-08-05 23:59:59,ev_C,C,18,
20170805233330,2017-08-05 23:33:30,2017-08-05 23:59:59,ev_K,K,1,
20170805233340,2017-08-05 23:33:40,2017-08-05 23:59:59,ev_C,C,2,
20170805233350,2017-08-05 23:33:50,2017-08-05 23:59:59,ev_C,C,5,
20170805233400,2017-08-05 23:34:00,2017-08-05 23:59:59,ev_C,C,6,
20170805233410,2017-08-05 23:34:10,2017-08-05 23:59:59,ev_C,C,8,
20170805233420,2017-08-05 23:34:20,2017-08-05 23:59:59,ev_C,C,20,
20170805233430,2017-08-05 23:34:30,2017-08-05 23:59:59,ev_C,C,4,
20170805233440,2017-08-05 23:34:40,2017-08-05 23:59:59,ev_C,C,2,
20170805233450,2017-08-05 23:34:50,2017-08-05 23:59:59,ev_N,K,1,
20170805233500,2017-08-05 23:35:00,2017-08-05 23:59:59,ev_C,C,8,
20170805233510,2017-08-05 23:35:10,2017-08-05 23:59:59,ev_K,K,5,
20170805233520,2017-08-05 23:35:20,2017-08-05 23:59:59,ev_K,K,5,
20170805233530,2017-08-05 23:35:30,2017-08-05 23:59:59,ev_K,K,1,
20170805233540,2017-08-05 23:35:40,2017-08-05 23:59:59,ev_C,C,1,
20170805233550,2017-08-05 23:35:50,2017-08-05 23:59:59,ev_C,C,11,
20170805233600,2017-08-05 23:36:00,2017-08-05 23:59:59,ev_K,K,3,
20170805233610,2017-08-05 23:36:10,2017-08-05 23:59:59,ev_C,C,14,
20170805233620,2017-08-05 23:36:20,2017-08-05 23:59:59,ev_K,K,1,
20170805233630,2017-08-05 23:36:30,2017-08-05 23:59:59,ev_C,C,17,
20170805233640,2017-08-05 23:36:40,2017-08-05 23:59:59,ev_C,C,5,
20170805233650,2017-08-05 23:36:50,2017-08-05 23:59:59,ev_C,C,4,
20170805233700,2017-08-05 23:37:00,2017-08-05 23:59:59,ev_C,C,15,
20170805233710,2017-08-05 23:37:10,2017-08-05 23:59:59,ev_C,C,11,
20170805233720,2017-08-05 23:37:20,2017-08-05 23:59:59,ev_C,C,18,
20170805233730,2017-08-05 23:37:30,2017-08-05 23:59:59,ev_K,K,5,
20170805233740,2017-08-05 23:37:40,2017-08-05 23:59:59,ev_C,C,3,
20170805233750,2017-08-05 23:37:50,2017-08-05 23:59:59,ev_K,K,5,
20170805233800,2017-08-05 23:38:00,2017-08-05 23:59:59,ev_C,C,6,
20170805233810,2017-08-05 23:38:10,2017-08-05 23:59:59,ev_C,C,6,
20170805233820,2017-08-05 23:38:20,2017-08-05 23:59:59,ev_C,C,18,
20170805233830,2017-08-05 23:38:30,2017-08-05 23:59:59,ev_C,C,10,
20170805233840,2017-08-05 23:38:40,2017-08-05 23:59:59,ev_C,C,18,
20170805233850,2017-08-05 23:38:50,2017-08-05 23:59:59,ev_C,C,15,
20170805233900,2017-08-05 23:39:00,2017-08-05 23:59:59,ev_C,C,8,
20170805233910,2017-08-05 23:39:10,2017-08-05 23:59:59,ev_K,K,5,
20170805233920,2017-08-05 23:39:20,2017-08-05 23:59:59,ev_C,C,19,
20170805233930,2017-08-05 23:39:30,2017-08-05 23:59:59,ev_C,C,5,
20170805233940,2017-08-05 23:39:40,2017-08-05 23:59:59,ev_C,C,17,
20170805233950,2017-08-05 23:39:50,2017-08-05 23:59:59,ev_C,C,3,
20170805234000,2017-08-05 23:40:00,2017-08-05 23:59:59,ev_C,C,4,
20170805234010,2017-08-05 23:40:10,2017-08-05 23:59:59,ev_C,C,15,
20170805234020,2017-08-05 23:40:20,2017-08-05 23:59:59,ev_C,C,17,
20170805234030,2017-08-05 23:40:30,2017-08-05 23:59:59,ev_C,C,19,
20170805234040,2017-08-05 23:40:40,2017-08-05 23:59:59,ev_C,C,14,
20170805234050,2017-08-05 23:40:50,2017-08-05 23:59:59,ev_C,C,8,
20170805234100,2017-08-05 23:41:00,2017-08-05 23:59:59,ev_C,C,12,
20170805234110,2017-08-05 23:41:10,2017-08-05 23:59:59,ev_C,C,11,
20170805234120,2017-08-05 23:41:20,2017-08-05 23:59:59,ev_C,C,9,
20170805234130,2017-08-05 23:41:30,2017-08-05 23:59:59,ev_C,C,4,
20170805234140,2017-08-05 23:41:40,2017-08-05 23:59:59,ev_C,C,6,
20170805234150,2017-08-05 23:41:50,2017-08-05 23:59:59,ev_C,C,2,
20170805234200,2017-08-05 23:42:00,2017-08-05 23:59:59,ev_C,C,9,
20170805234210,2017-08-05 23:42:10,2017-08-05 23:59:59,ev_C,C,7,
20170805234220,2017-08-05 23:42:20,2017-08-05 23:59:59,ev_N,K,5,
20170805234230,2017-08-05 23:42:30,2017-08-05 23:59:59,ev_C,C,1,
20170805234240,2017-08-05 23:42:40,2017-08-05 23:59:59,ev_C,C,4,
20170805234250,2017-08-05 23:42:50,2017-08-05 23:59:59,ev_C,C,1,
20170805234300,2017-08-05 23:43:00,2017-08-05 23:59:59,ev_C,C,18,
20170805234310,2017-08-05 23:43:10,2017-08-05 23:59:59,ev_C,C,5,
20170805234320,2017-08-05 23:43:20,2017-08-05 23:59:59,ev_C,C,12,
20170805234330,2017-08-05 23:43:30,2017-08-05 23:59:59,ev_C,C,10,
20170805234340,2017-08-05 23:43:40,2017-08-05 23:59:59,ev_K,K,4,
20170805234350,2017-08-05 23:43:50,2017-08-05 23:59:59,ev_C,C,5,
20170805234400,2017-08-05 23:44:00,2017-08-05 23:59:59,ev_C,C,8,
20170805234410,2017-08-05 23:44:10,2017-08-05 23:59:59,ev_C,C,19,
20170805234420,2017-08-05 23:44:20,2017-08-05 23:59:59,ev_C,C,13,
20170805234430,2017-08-05 23:44:30,2017-08-05 23:59:59,ev_K,K,2,
20170805234440,2017-08-05 23:44:40,2017-08-05 23:59:59,ev_K,K,4,
20170805234450,2017-08-05 23:44:50,2017-08-05 23:59:59,ev_C,C,14,
20170805234500,2017-08-05 23:45:00,2017-08-05 23:59:59,ev_C,C,12,
20170805234510,2017-08-05 23:45:10,2017-08-05 23:59:59,ev_C,C,9,
20170805234520,2017-08-05 23:45:20,2017-08-05 23:59:59,ev_K,K,2,
20170805234530,2017-08-05 23:45:30,2017-08-05 23:59:59,ev_C,C,19,
20170805234540,2017-08-05 23:45:40,2017-08-05 23:59:59,ev_K,K,2,
20170805234550,2017-08-05 23:45:50,2017-08-05 23:59:59,ev_C,C,11,
20170805234600,2017-08-05 23:46:00,2017-08-05 23:59:59,ev_C,C,10,
20170805234610,2017-08-05 23:46:10,2017-08-05 23:59:59,ev_C,C,7,
20170805234620,2017-08-05 23:46:20,2017-08-05 23:59:59,ev_C,C,2,
20170805234630,2017-08-05 23:46:30,2017-08-05 23:59:59,ev_C,C,19,
20170805234640,2017-08-05 23:46:40,2017-08-05 23:59:59,ev_C,C,19,
20170805234650,2017-08-05 23:46:50,2017-08-05 23:59:59,ev_C,C,12,
20170805234700,2017-08-05 23:47:00,2017-08-05 23:59:59,ev_C,C,12,
20170805234710,2017-08-05 23:47:10,2017-08-05 23:59:59,ev_N,K,2,
20170805234720,2017-08-05 23:47:20,2017-08-05 23:59:59,ev_C,C,1,
20170805234730,2017-08-05 23:47:30,2017-08-05 23:59:59,ev_C,C,2,
20170805234740,2017-08-05 23:47:40,2017-08-05 23:59:59,ev_C,C,20,
20170805234750,2017-08-05 23:47:50,2017-08-05 23:59:59,ev_C,C,16,
20170805234800,2017-08-05 23:48:00,2017-08-05 23:59:59,ev_C,C,10,
20170805234810,2017-08-05 23:48:10,2017-08-05 23:59:59,ev_K,K,5,
20170805234820,2017-08-05 23:48:20,2017-08-05 23:59:59,ev_C,C,12,
20170805234830,2017-08-05 23:48:30,2017-08-05 23:59:59,ev_C,C,13,
20170805234840,2017-08-05 23:48:40,2017-08-05 23:59:59,ev_C,C,17,
20170805234850,2017-08-05 23:48:50,2017-08-05 23:59:59,ev_N,K,5,
20170805234900,2017-08-05 23:49:00,2017-08-05 23:59:59,ev_N,K,3,
20170805234910,2017-08-05 23:49:10,2017-08-05 23:59:59,ev_K,K,4,
20170805234920,2017-08-05 23:49:20,2017-08-05 23:59:59,ev_K,K,2,
20170805234930,2017-08-05 23:49:30,2017-08-05 23:59:59,ev_C,C,8,
20170805234940,2017-08-05 23:49:40,2017-08-05 23:59:59,ev_C,C,3,
20170805234950,2017-08-05 23:49:50,2017-08-05 23:59:59,ev_C,C,9,
20170805235000,2017-08-05 23:50:00,2017-08-05 23:59:59,ev_C,C,18,
20170805235010,2017-08-05 23:50:10,2017-08-05 23:59:59,ev_K,K,1,
20170805235020,2017-08-05 23:50:20,2017-08-05 23:59:59,ev_C,C,2,
20170805235030,2017-08-05 23:50:30,2017-08-05 23:59:59,ev_C,C,11,
20170805235040,2017-08-05 23:50:40,2017-08-05 23:59:59,ev_K,K,4,
20170805235050,2017-08-05 23:50:50,2017-08-05 23:59:59,ev_K,K,1,
20170805235100,2017-08-05 23:51:00,2017-08-05 23:59:59,ev_C,C,14,
20170805235110,2017-08-05 23:51:10,2017-08-05 23:59:59,ev_C,C,11,
20170805235120,2017-08-05 23:51:20,2017-08-05 23:59:59,ev_C,C,3,
20170805235130,2017-08-05 23:51:30,2017-08-05 23:59:59,ev_C,C,9,
20170805235140,2017-08-05 23:51:40,2017-08-05 23:59:59,ev_C,C,12,
20170805235150,2017-08-05 23:51:50,2017-08-05 23:59:59,ev_C,C,7,
20170805235200,2017-08-05 23:52:00,2017-08-05 23:59:59,ev_C,C,1,
20170805235210,2017-08-05 23:52:10,2017-08-05 23:59:59,ev_C,C,4,
20170805235220,2017-08-05 23:52:20,2017-08-05 23:59:59,ev_C,C,3,
20170805235230,2017-08-05 23:52:30,2017-08-05 23:59:59,ev_K,K,4,
20170805235240,2017-08-05 23:52:40,2017-08-05 23:59:59,ev_N,K,1,
20170805235250,2017-08-05 23:52:50,2017-08-05 23:59:59,ev_C,C,12,
20170805235300,2017-08-05 23:53:00,2017-08-05 23:59:59,ev_N,K,5,
20170805235310,2017-08-05 23:53:10,2017-08-05 23:59:59,ev_C,C,11,
20170805235320,2017-08-05 23:53:20,2017-08-05 23:59:59,ev_C,C,8,
20170805235330,2017-08-05 23:53:30,2017-08-05 23:59:59,ev_C,C,13,
20170805235340,2017-08-05 23:53:40,2017-08-05 23:59:59,ev_C,C,9,
20170805235350,2017-08-05 23:53:50,2017-08-05 23:59:59,ev_N,K,3,
20170805235400,2017-08-05 23:54:00,2017-08-05 23:59:59,ev_C,C,8,
20170805235410,2017-08-05 23:54:10,2017-08-05 23:59:59,ev_C,C,11,
20170805235420,2017-08-05 23:54:20,2017-08-05 23:59:59,ev_C,C,11,
20170805235430,2017-08-05 23:54:30,2017-08-05 23:59:59,ev_C,C,1,
20170805235440,2017-08-05 23:54:40,2017-08-05 23:59:59,ev_K,K,4,
20170805235450,2017-08-05 23:54:50,2017-08-05 23:59:59,ev_K,K,1,
20170805235500,2017-08-05 23:55:00,2017-08-05 23:59:59,ev_C,C,6,
20170805235510,2017-08-05 23:55:10,2017-08-05 23:59:59,ev_C,C,20,
20170805235520,2017-08-05 23:55:20,2017-08-05 23:59:59,ev_K,K,4,
20170805235530,2017-08-05 23:55:30,2017-08-05 23:59:59,ev_C,C,18,
20170805235540,2017-08-05 23:55:40,2017-08-05 23:59:59,ev_C,C,18,
20170805235550,2017-08-05 23:55:50,2017-08-05 23:59:59,ev_C,C,9,
20170805235600,2017-08-05 23:56:00,2017-08-05 23:59:59,ev_C,C,17,
20170805235610,2017-08-05 23:56:10,2017-08-05 23:59:59,ev_K,K,4,
20170805235620,2017-08-05 23:56:20,2017-08-05 23:59:59,ev_C,C,20,
20170805235630,2017-08-05 23:56:30,2017-08-05 23:59:59,ev_C,C,8,
20170805235640,2017-08-05 23:56:40,2017-08-05 23:59:59,ev_C,C,2,
20170805235650,2017-08-05 23:56:50,2017-08-05 23:59:59,ev_C,C,5,
20170805235700,2017-08-05 23:57:00,2017-08-05 23:59:59,ev_K,K,4,
20170805235710,2017-08-05 23:57:10,2017-08-05 23:59:59,ev_C,C,1,
20170805235720,2017-08-05 23:57:20,2017-08-05 23:59:59,ev_K,K,1,
20170805235730,2017-08-05 23:57:30,2017-08-05 23:59:59,ev_C,C,3,
20170805235740,2017-08-05 23:57:40,2017-08-05 23:59:59,ev_C,C,5,
20170805235750,2017-08-05 23:57:50,2017-08-05 23:59:59,ev_C,C,18,
20170805235800,2017-08-05 23:58:00,2017-08-05 23:59:59,ev_K,K,1,
20170805235810,2017-08-05 23:58:10,2017-08-05 23:59:59,ev_K,K,4,
20170805235820,2017-08-05 23:58:20,2017-08-05 23:59:59,ev_C,C,17,
20170805235830,2017-08-05 23:58:30,2017-08-05 23:59:59,ev_C,C,3,
20170805235840,2017-08-05 23:58:40,2017-08-05 23:59:59,ev_C,C,8,
20170805235850,2017-08-05 23:58:50,2017-08-05 23:59:59,ev_K,K,3,
20170805235900,2017-08-05 23:59:00,2017-08-05 23:59:59,ev_N,K,3,
20170805235910,2017-08-05 23:59:10,2017-08-05 23:59:59,ev_C,C,13,
20170805235920,2017-08-05 23:59:20,2017-08-05 23:59:59,ev_C,C,5,
20170805235930,2017-08-05 23:59:30,2017-08-05 23:59:59,ev_C,C,8,
20170805235940,2017-08-05 23:59:40,2017-08-05 23:59:59,ev_K,K,5,
20170805235950,2017-08-05 23:59:50,2017-08-05 23:59:59,ev_C,C,13,
